0.950000 -7.04032e-10 -1.29605e-10 
0.956886 -5.45808e-09 2.69755e-09 
0.963771 3.31086e-09 -1.37313e-08 
0.970657 2.39892e-08 2.68681e-09 
0.977542 1.37738e-08 3.30428e-08 
0.984428 -2.11825e-08 4.40649e-08 
0.991313 -5.76575e-08 2.60461e-08 
0.998199 -7.76464e-08 -1.34982e-08 
1.005084 -7.34321e-08 -6.0949e-08 
1.011970 -4.56753e-08 -1.03416e-07 
1.018855 -4.52e-11 -1.31617e-07 
1.025741 5.56519e-08 -1.40444e-07 
1.032626 1.13429e-07 -1.28447e-07 
1.039512 1.66257e-07 -9.69401e-08 
1.046397 2.08616e-07 -4.90849e-08 
1.053283 2.36651e-07 1.0905e-08 
1.060168 2.48103e-07 7.83832e-08 
1.067054 2.42122e-07 1.48724e-07 
1.073940 2.19014e-07 2.17632e-07 
1.080825 1.79994e-07 2.81332e-07 
1.087711 1.26939e-07 3.36673e-07 
1.094596 6.21768e-08 3.81171e-07 
1.101482 -1.16953e-08 4.12998e-07 
1.108367 -9.19632e-08 4.30951e-07 
1.115253 -1.75914e-07 4.34393e-07 
1.122138 -2.6093e-07 4.23191e-07 
1.129024 -3.44557e-07 3.97643e-07 
1.135909 -4.2455e-07 3.58412e-07 
1.142795 -4.9891e-07 3.06455e-07 
1.149680 -5.65902e-07 2.42961e-07 
1.156566 -6.24059e-07 1.69297e-07 
1.163451 -6.72185e-07 8.69503e-08 
1.170337 -7.09346e-07 -2.51284e-09 
1.177222 -7.34859e-07 -9.74878e-08 
1.184108 -7.48279e-07 -1.96365e-07 
1.190993 -7.49378e-07 -2.9756e-07 
1.197879 -7.38125e-07 -3.99534e-07 
1.204765 -7.14672e-07 -5.00817e-07 
1.211650 -6.79329e-07 -6.00018e-07 
1.218536 -6.32548e-07 -6.95843e-07 
1.225421 -5.74898e-07 -7.87098e-07 
1.232307 -5.07056e-07 -8.72697e-07 
1.239192 -4.2978e-07 -9.51668e-07 
1.246078 -3.43901e-07 -1.02315e-06 
1.252963 -2.50302e-07 -1.0864e-06 
1.259849 -1.49907e-07 -1.14077e-06 
1.266734 -4.36685e-08 -1.18576e-06 
1.273620 6.74448e-08 -1.22093e-06 
1.280505 1.82459e-07 -1.24598e-06 
1.287391 3.00402e-07 -1.26068e-06 
1.294276 4.20315e-07 -1.26491e-06 
1.301162 5.41257e-07 -1.25863e-06 
1.308047 6.62311e-07 -1.24188e-06 
1.314933 7.82593e-07 -1.21478e-06 
1.321819 9.01251e-07 -1.17752e-06 
1.328704 1.01747e-06 -1.13033e-06 
1.335590 1.13049e-06 -1.07354e-06 
1.342475 1.23958e-06 -1.0075e-06 
1.349361 1.34406e-06 -9.32611e-07 
1.356246 1.44331e-06 -8.49323e-07 
1.363132 1.53674e-06 -7.58115e-07 
1.370017 1.62381e-06 -6.59502e-07 
1.376903 1.70406e-06 -5.54021e-07 
1.383788 1.77705e-06 -4.42232e-07 
1.390674 1.8424e-06 -3.24711e-07 
1.397559 1.89977e-06 -2.02049e-07 
1.404445 1.94889e-06 -7.48463e-08 
1.411330 1.9895e-06 5.62924e-08 
1.418216 2.02143e-06 1.90759e-07 
1.425101 2.04453e-06 3.27944e-07 
1.431987 2.05868e-06 4.67245e-07 
1.438873 2.06382e-06 6.08061e-07 
1.445758 2.05994e-06 7.49802e-07 
1.452644 2.04704e-06 8.91887e-07 
1.459529 2.02517e-06 1.03375e-06 
1.466415 1.99442e-06 1.17483e-06 
1.473300 1.9549e-06 1.3146e-06 
1.480186 1.90675e-06 1.45252e-06 
1.487071 1.85015e-06 1.58811e-06 
1.493957 1.78529e-06 1.72086e-06 
1.500842 1.71241e-06 1.85033e-06 
1.507728 1.63174e-06 1.97606e-06 
1.514613 1.54356e-06 2.09764e-06 
1.521499 1.44814e-06 2.21466e-06 
1.528384 1.34581e-06 2.32675e-06 
1.535270 1.23687e-06 2.43356e-06 
1.542155 1.12166e-06 2.53476e-06 
1.549041 1.00052e-06 2.63003e-06 
1.555927 8.7382e-07 2.7191e-06 
1.562812 7.41915e-07 2.80171e-06 
1.569698 6.05183e-07 2.87762e-06 
1.576583 4.64005e-07 2.94661e-06 
1.583469 3.18766e-07 3.0085e-06 
1.590354 1.69858e-07 3.06312e-06 
1.597240 1.7672e-08 3.11032e-06 
1.604125 -1.37397e-07 3.14998e-06 
1.611011 -2.94953e-07 3.18199e-06 
1.617896 -4.54603e-07 3.20628e-06 
1.624782 -6.15954e-07 3.22278e-06 
1.631667 -7.78616e-07 3.23145e-06 
1.638553 -9.42201e-07 3.23228e-06 
1.645438 -1.10633e-06 3.22524e-06 
1.652324 -1.27062e-06 3.21037e-06 
1.659209 -1.4347e-06 3.18769e-06 
1.666095 -1.5982e-06 3.15726e-06 
1.672980 -1.76077e-06 3.11913e-06 
1.679866 -1.92206e-06 3.07339e-06 
1.686752 -2.08172e-06 3.02014e-06 
1.693637 -2.23942e-06 2.95949e-06 
1.700523 -2.39483e-06 2.89155e-06 
1.707408 -2.54763e-06 2.81647e-06 
1.714294 -2.69753e-06 2.7344e-06 
1.721179 -2.84422e-06 2.64549e-06 
1.728065 -2.98743e-06 2.54993e-06 
1.734950 -3.12686e-06 2.44788e-06 
1.741836 -3.26227e-06 2.33955e-06 
1.748721 -3.3934e-06 2.22513e-06 
1.755607 -3.52001e-06 2.10484e-06 
1.762492 -3.64187e-06 1.97888e-06 
1.769378 -3.75876e-06 1.84749e-06 
1.776263 -3.87047e-06 1.71089e-06 
1.783149 -3.97681e-06 1.56932e-06 
1.790034 -4.07761e-06 1.42303e-06 
1.796920 -4.17267e-06 1.27226e-06 
1.803806 -4.26186e-06 1.11726e-06 
1.810691 -4.34502e-06 9.5828e-07 
1.817577 -4.42201e-06 7.9559e-07 
1.824462 -4.49271e-06 6.29445e-07 
1.831348 -4.55701e-06 4.60109e-07 
1.838233 -4.61481e-06 2.87846e-07 
1.845119 -4.66602e-06 1.12923e-07 
1.852004 -4.71055e-06 -6.43939e-08 
1.858890 -4.74835e-06 -2.43837e-07 
1.865775 -4.77935e-06 -4.25138e-07 
1.872661 -4.80351e-06 -6.08032e-07 
1.879546 -4.82079e-06 -7.92251e-07 
1.886432 -4.83117e-06 -9.77531e-07 
1.893317 -4.83463e-06 -1.16361e-06 
1.900203 -4.83117e-06 -1.35022e-06 
1.907088 -4.82079e-06 -1.53711e-06 
1.913974 -4.80351e-06 -1.72402e-06 
1.920860 -4.77935e-06 -1.9107e-06 
1.927745 -4.74833e-06 -2.09689e-06 
1.934631 -4.71051e-06 -2.28234e-06 
1.941516 -4.66594e-06 -2.46683e-06 
1.948402 -4.61466e-06 -2.65009e-06 
1.955287 -4.55675e-06 -2.83191e-06 
1.962173 -4.49227e-06 -3.01204e-06 
1.969058 -4.42132e-06 -3.19026e-06 
1.975944 -4.34397e-06 -3.36635e-06 
1.982829 -4.26033e-06 -3.5401e-06 
1.989715 -4.17049e-06 -3.71128e-06 
1.996600 -4.07457e-06 -3.87969e-06 
2.003486 -3.97268e-06 -4.04514e-06 
2.010371 -3.86493e-06 -4.20742e-06 
2.017257 -3.75146e-06 -4.36635e-06 
2.024142 -3.6324e-06 -4.52174e-06 
2.031028 -3.50788e-06 -4.67341e-06 
2.037914 -3.37805e-06 -4.82119e-06 
2.044799 -3.24305e-06 -4.96491e-06 
2.051685 -3.10303e-06 -5.10442e-06 
2.058570 -2.95814e-06 -5.23956e-06 
2.065456 -2.80855e-06 -5.37018e-06 
2.072341 -2.65442e-06 -5.49615e-06 
