0.950000 -7748.17 7068.91 
0.956886 -152.598 171.53 
0.963771 -4.01016 -54.5774 
0.970657 21.9846 -3.71287 
0.977542 7.07002 9.19351 
0.984428 -1.38048 6.80372 
0.991313 -3.59014 2.80022 
0.998199 -3.17861 0.184338 
1.005084 -2.08221 -1.05672 
1.011970 -1.05076 -1.43228 
1.018855 -0.292594 -1.36024 
1.025741 0.189669 -1.09968 
1.032626 0.454816 -0.791395 
1.039512 0.56806 -0.503517 
1.046397 0.583517 -0.263564 
1.053283 0.541118 -0.0779756 
1.060168 0.468385 0.0568046 
1.067054 0.383325 0.148337 
1.073940 0.297134 0.205126 
1.080825 0.216329 0.235172 
1.087711 0.144329 0.245385 
1.094596 0.0825634 0.241437 
1.101482 0.0312354 0.227829 
1.108367 -0.0101713 0.208034 
1.115253 -0.0425575 0.18467 
1.122138 -0.0669959 0.159668 
1.129024 -0.0845983 0.134415 
1.135909 -0.096438 0.109877 
1.142795 -0.103506 0.0867006 
1.149680 -0.106692 0.0652892 
1.156566 -0.106775 0.0458692 
1.163451 -0.104428 0.0285368 
1.170337 -0.100222 0.0132958 
1.177222 -0.094639 8.63474e-05 
1.184108 -0.0880782 -0.0111944 
1.190993 -0.0808687 -0.0206757 
1.197879 -0.0732777 -0.0285017 
1.204765 -0.0655206 -0.0348232 
1.211650 -0.0577678 -0.039791 
1.218536 -0.0501529 -0.0435523 
1.225421 -0.042778 -0.0462476 
1.232307 -0.0357193 -0.0480088 
1.239192 -0.029032 -0.0489585 
1.246078 -0.0227535 -0.0492094 
1.252963 -0.0169074 -0.048864 
1.259849 -0.0115056 -0.0480152 
1.266734 -0.00655134 -0.0467465 
1.273620 -0.00204036 -0.0451323 
1.280505 0.00203694 -0.043239 
1.287391 0.00569436 -0.0411252 
1.294276 0.00894884 -0.0388423 
1.301162 0.0118195 -0.0364354 
1.308047 0.014327 -0.0339439 
1.314933 0.0164929 -0.0314017 
1.321819 0.018339 -0.0288379 
1.328704 0.0198874 -0.0262777 
1.335590 0.0211598 -0.0237421 
1.342475 0.0221776 -0.0212491 
1.349361 0.0229613 -0.0188135 
1.356246 0.0235309 -0.0164474 
1.363132 0.0239053 -0.0141608 
1.370017 0.0241026 -0.0119615 
1.376903 0.0241401 -0.00985556 
1.383788 0.0240337 -0.00784749 
1.390674 0.0237989 -0.00594044 
1.397559 0.0234496 -0.00413638 
1.404445 0.0229993 -0.00243631 
1.411330 0.0224602 -0.000840324 
1.418216 0.0218438 0.000652184 
1.425101 0.0211608 0.00204245 
1.431987 0.0204208 0.00333224 
1.438873 0.019633 0.00452373 
1.445758 0.0188056 0.00561947 
1.452644 0.0179461 0.00662228 
1.459529 0.0170616 0.00753522 
1.466415 0.0161582 0.00836152 
1.473300 0.0152418 0.00910454 
1.480186 0.0143176 0.00976772 
1.487071 0.0133902 0.0103546 
1.493957 0.0124638 0.0108686 
1.500842 0.0115424 0.0113134 
1.507728 0.0106292 0.0116924 
1.514613 0.00972726 0.0120092 
1.521499 0.0088393 0.012267 
1.528384 0.00796764 0.0124694 
1.535270 0.00711435 0.0126196 
1.542155 0.00628121 0.0127208 
1.549041 0.00546975 0.0127761 
1.555927 0.0046813 0.0127884 
1.562812 0.00391695 0.0127608 
1.569698 0.00317761 0.0126961 
1.576583 0.00246402 0.0125968 
1.583469 0.00177675 0.0124657 
1.590354 0.00111623 0.0123052 
1.597240 0.00048276 0.0121178 
1.604125 -0.000123479 0.0119056 
1.611011 -0.000702417 0.011671 
1.617896 -0.00125408 0.0114159 
1.624782 -0.00177857 0.0111423 
1.631667 -0.0022761 0.0108521 
1.638553 -0.00274691 0.0105472 
1.645438 -0.00319133 0.0102291 
1.652324 -0.00360973 0.00989952 
1.659209 -0.00400256 0.00955996 
1.666095 -0.00437026 0.00921182 
1.672980 -0.00471335 0.00885648 
1.679866 -0.00503236 0.00849519 
1.686752 -0.00532786 0.00812914 
1.693637 -0.00560043 0.00775947 
1.700523 -0.00585068 0.00738722 
1.707408 -0.00607924 0.00701338 
1.714294 -0.00628672 0.00663887 
1.721179 -0.00647379 0.00626454 
1.728065 -0.00664108 0.0058912 
1.734950 -0.00678925 0.00551959 
1.741836 -0.00691896 0.00515041 
1.748721 -0.00703086 0.00478428 
1.755607 -0.0071256 0.00442181 
1.762492 -0.00720384 0.00406353 
1.769378 -0.00726621 0.00370995 
1.776263 -0.00731336 0.00336153 
1.783149 -0.00734593 0.00301869 
1.790034 -0.00736452 0.00268181 
1.796920 -0.00736977 0.00235122 
1.803806 -0.00736227 0.00202726 
1.810691 -0.00734261 0.00171019 
1.817577 -0.00731138 0.00140027 
1.824462 -0.00726915 0.00109771 
1.831348 -0.00721648 0.000802722 
1.838233 -0.00715391 0.00051546 
1.845119 -0.00708198 0.000236073 
1.852004 -0.00700121 -3.53169e-05 
1.858890 -0.0069121 -0.000298608 
1.865775 -0.00681515 -0.00055372 
1.872661 -0.00671084 -0.000800591 
1.879546 -0.00659963 -0.00103918 
1.886432 -0.00648197 -0.00126945 
1.893317 -0.00635832 -0.00149139 
1.900203 -0.00622909 -0.00170501 
1.907088 -0.0060947 -0.00191033 
1.913974 -0.00595554 -0.00210736 
1.920860 -0.00581201 -0.00229614 
1.927745 -0.00566447 -0.00247674 
1.934631 -0.00551329 -0.00264921 
1.941516 -0.00535882 -0.00281362 
1.948402 -0.00520139 -0.00297004 
1.955287 -0.00504132 -0.00311857 
1.962173 -0.00487894 -0.00325929 
1.969058 -0.00471453 -0.00339232 
1.975944 -0.00454838 -0.00351774 
1.982829 -0.00438078 -0.00363569 
1.989715 -0.00421199 -0.00374627 
1.996600 -0.00404226 -0.00384961 
2.003486 -0.00387184 -0.00394582 
2.010371 -0.00370096 -0.00403505 
2.017257 -0.00352985 -0.00411743 
2.024142 -0.00335872 -0.00419308 
2.031028 -0.00318777 -0.00426215 
2.037914 -0.0030172 -0.00432479 
2.044799 -0.0028472 -0.00438112 
2.051685 -0.00267794 -0.0044313 
2.058570 -0.00250959 -0.00447547 
2.065456 -0.00234232 -0.00451378 
2.072341 -0.00217626 -0.00454638 
