9.975000 2.52985e-05 8.22066e-06 
9.988771 2.51429e-05 8.7342e-06 
10.002542 2.49769e-05 9.24454e-06 
10.016313 2.48005e-05 9.75147e-06 
10.030084 2.4614e-05 1.02548e-05 
10.043855 2.44173e-05 1.07543e-05 
10.057626 2.42105e-05 1.12498e-05 
10.071397 2.39938e-05 1.17411e-05 
10.085168 2.37672e-05 1.22279e-05 
10.098940 2.35308e-05 1.27101e-05 
10.112711 2.32847e-05 1.31876e-05 
10.126482 2.3029e-05 1.366e-05 
10.140253 2.27639e-05 1.41272e-05 
10.154024 2.24894e-05 1.45891e-05 
10.167795 2.22056e-05 1.50454e-05 
10.181566 2.19126e-05 1.54959e-05 
10.195337 2.16107e-05 1.59405e-05 
10.209108 2.12999e-05 1.6379e-05 
10.222879 2.09803e-05 1.68112e-05 
10.236650 2.0652e-05 1.7237e-05 
10.250421 2.03153e-05 1.76562e-05 
10.264192 1.99702e-05 1.80685e-05 
10.277963 1.96168e-05 1.84739e-05 
10.291734 1.92554e-05 1.88722e-05 
10.305505 1.88861e-05 1.92633e-05 
10.319276 1.8509e-05 1.96469e-05 
10.333047 1.81242e-05 2.00229e-05 
10.346819 1.7732e-05 2.03912e-05 
10.360590 1.73325e-05 2.07516e-05 
10.374361 1.69258e-05 2.1104e-05 
10.388132 1.65121e-05 2.14483e-05 
10.401903 1.60917e-05 2.17843e-05 
10.415674 1.56645e-05 2.21119e-05 
10.429445 1.52309e-05 2.24309e-05 
10.443216 1.47909e-05 2.27413e-05 
10.456987 1.43449e-05 2.30428e-05 
10.470758 1.38929e-05 2.33355e-05 
10.484529 1.34351e-05 2.36191e-05 
10.498300 1.29717e-05 2.38937e-05 
10.512071 1.25029e-05 2.4159e-05 
10.525842 1.20289e-05 2.44149e-05 
10.539613 1.15499e-05 2.46614e-05 
10.553384 1.1066e-05 2.48984e-05 
10.567155 1.05775e-05 2.51258e-05 
10.580927 1.00845e-05 2.53435e-05 
10.594698 9.58725e-06 2.55513e-05 
10.608469 9.08595e-06 2.57493e-05 
10.622240 8.58078e-06 2.59374e-05 
10.636011 8.07194e-06 2.61155e-05 
10.649782 7.55964e-06 2.62834e-05 
10.663553 7.04407e-06 2.64412e-05 
10.677324 6.52544e-06 2.65889e-05 
10.691095 6.00395e-06 2.67262e-05 
10.704866 5.4798e-06 2.68533e-05 
10.718637 4.9532e-06 2.697e-05 
10.732408 4.42435e-06 2.70763e-05 
10.746179 3.89347e-06 2.71721e-05 
10.759950 3.36076e-06 2.72575e-05 
10.773721 2.82642e-06 2.73324e-05 
10.787492 2.29066e-06 2.73968e-05 
10.801263 1.75369e-06 2.74506e-05 
10.815034 1.21573e-06 2.74939e-05 
10.828806 6.76968e-07 2.75265e-05 
10.842577 1.37625e-07 2.75486e-05 
10.856348 -4.02092e-07 2.75601e-05 
10.870119 -9.41977e-07 2.75609e-05 
10.883890 -1.48182e-06 2.75512e-05 
10.897661 -2.02141e-06 2.75309e-05 
10.911432 -2.56055e-06 2.75e-05 
10.925203 -3.09902e-06 2.74585e-05 
10.938974 -3.63662e-06 2.74065e-05 
10.952745 -4.17315e-06 2.7344e-05 
10.966516 -4.70839e-06 2.7271e-05 
10.980287 -5.24214e-06 2.71875e-05 
10.994058 -5.7742e-06 2.70936e-05 
11.007829 -6.30437e-06 2.69892e-05 
11.021600 -6.83244e-06 2.68746e-05 
11.035371 -7.35821e-06 2.67496e-05 
11.049142 -7.88148e-06 2.66144e-05 
11.062914 -8.40206e-06 2.64689e-05 
11.076685 -8.91974e-06 2.63134e-05 
11.090456 -9.43433e-06 2.61477e-05 
11.104227 -9.94563e-06 2.59721e-05 
11.117998 -1.04535e-05 2.57865e-05 
11.131769 -1.09576e-05 2.5591e-05 
11.145540 -1.14579e-05 2.53857e-05 
11.159311 -1.19541e-05 2.51707e-05 
11.173082 -1.24461e-05 2.49461e-05 
11.186853 -1.29337e-05 2.4712e-05 
11.200624 -1.34167e-05 2.44684e-05 
11.214395 -1.38949e-05 2.42154e-05 
11.228166 -1.43681e-05 2.39532e-05 
11.241937 -1.48362e-05 2.36818e-05 
11.255708 -1.52989e-05 2.34013e-05 
11.269479 -1.57562e-05 2.31119e-05 
11.283250 -1.62078e-05 2.28137e-05 
11.297021 -1.66535e-05 2.25068e-05 
11.310793 -1.70933e-05 2.21912e-05 
11.324564 -1.75269e-05 2.18672e-05 
11.338335 -1.79542e-05 2.15348e-05 
11.352106 -1.8375e-05 2.11942e-05 
11.365877 -1.87892e-05 2.08455e-05 
11.379648 -1.91965e-05 2.04888e-05 
11.393419 -1.9597e-05 2.01242e-05 
11.407190 -1.99903e-05 1.9752e-05 
11.420961 -2.03764e-05 1.93722e-05 
11.434732 -2.07552e-05 1.89851e-05 
11.448503 -2.11264e-05 1.85906e-05 
11.462274 -2.149e-05 1.8189e-05 
11.476045 -2.18457e-05 1.77805e-05 
11.489816 -2.21936e-05 1.73651e-05 
11.503587 -2.25334e-05 1.69431e-05 
11.517358 -2.28651e-05 1.65146e-05 
11.531129 -2.31885e-05 1.60798e-05 
11.544901 -2.35034e-05 1.56388e-05 
11.558672 -2.38099e-05 1.51917e-05 
11.572443 -2.41077e-05 1.47389e-05 
11.586214 -2.43967e-05 1.42803e-05 
11.599985 -2.46769e-05 1.38163e-05 
11.613756 -2.49482e-05 1.33469e-05 
11.627527 -2.52104e-05 1.28724e-05 
11.641298 -2.54635e-05 1.23929e-05 
11.655069 -2.57074e-05 1.19086e-05 
11.668840 -2.59419e-05 1.14196e-05 
11.682611 -2.61671e-05 1.09263e-05 
11.696382 -2.63827e-05 1.04286e-05 
11.710153 -2.65888e-05 9.92693e-06 
11.723924 -2.67853e-05 9.42133e-06 
11.737695 -2.69721e-05 8.91203e-06 
11.751466 -2.7149e-05 8.39922e-06 
11.765237 -2.73162e-05 7.88308e-06 
11.779008 -2.74735e-05 7.3638e-06 
11.792780 -2.76208e-05 6.84157e-06 
11.806551 -2.77581e-05 6.31659e-06 
11.820322 -2.78854e-05 5.78905e-06 
11.834093 -2.80026e-05 5.25914e-06 
11.847864 -2.81097e-05 4.72705e-06 
11.861635 -2.82066e-05 4.19299e-06 
11.875406 -2.82933e-05 3.65713e-06 
11.889177 -2.83698e-05 3.11969e-06 
11.902948 -2.8436e-05 2.58085e-06 
11.916719 -2.84919e-05 2.04081e-06 
11.930490 -2.85376e-05 1.49977e-06 
11.944261 -2.85729e-05 9.57918e-07 
11.958032 -2.85979e-05 4.15461e-07 
11.971803 -2.86127e-05 -1.27409e-07 
11.985574 -2.8617e-05 -6.70495e-07 
11.999345 -2.86111e-05 -1.2136e-06 
12.013116 -2.85948e-05 -1.75653e-06 
12.026888 -2.85682e-05 -2.29909e-06 
12.040659 -2.85313e-05 -2.84107e-06 
12.054430 -2.84842e-05 -3.3823e-06 
12.068201 -2.84267e-05 -3.92256e-06 
12.081972 -2.83591e-05 -4.46167e-06 
12.095743 -2.82812e-05 -4.99944e-06 
12.109514 -2.81931e-05 -5.53566e-06 
12.123285 -2.80948e-05 -6.07016e-06 
12.137056 -2.79865e-05 -6.60272e-06 
12.150827 -2.78681e-05 -7.13318e-06 
12.164598 -2.77396e-05 -7.66132e-06 
12.178369 -2.76012e-05 -8.18698e-06 
12.192140 -2.74528e-05 -8.70995e-06 
12.205911 -2.72946e-05 -9.23006e-06 
12.219682 -2.71265e-05 -9.74711e-06 
12.233453 -2.69487e-05 -1.02609e-05 
12.247224 -2.67612e-05 -1.07713e-05 
12.260995 -2.65641e-05 -1.12781e-05 
12.274767 -2.63575e-05 -1.17811e-05 
12.288538 -2.61414e-05 -1.22802e-05 
12.302309 -2.59159e-05 -1.27751e-05 
12.316080 -2.5681e-05 -1.32657e-05 
12.329851 -2.5437e-05 -1.37518e-05 
12.343622 -2.51838e-05 -1.42333e-05 
12.357393 -2.49216e-05 -1.47099e-05 
12.371164 -2.46505e-05 -1.51816e-05 
12.384935 -2.43705e-05 -1.5648e-05 
12.398706 -2.40817e-05 -1.61092e-05 
12.412477 -2.37843e-05 -1.65648e-05 
12.426248 -2.34784e-05 -1.70149e-05 
12.440019 -2.3164e-05 -1.74591e-05 
12.453790 -2.28413e-05 -1.78973e-05 
12.467561 -2.25105e-05 -1.83294e-05 
12.481332 -2.21715e-05 -1.87553e-05 
12.495103 -2.18246e-05 -1.91747e-05 
12.508875 -2.14699e-05 -1.95876e-05 
12.522646 -2.11075e-05 -1.99938e-05 
12.536417 -2.07375e-05 -2.03931e-05 
12.550188 -2.036e-05 -2.07855e-05 
12.563959 -1.99752e-05 -2.11707e-05 
12.577730 -1.95833e-05 -2.15487e-05 
12.591501 -1.91843e-05 -2.19192e-05 
12.605272 -1.87784e-05 -2.22823e-05 
12.619043 -1.83658e-05 -2.26377e-05 
12.632814 -1.79466e-05 -2.29854e-05 
12.646585 -1.75209e-05 -2.33251e-05 
12.660356 -1.70889e-05 -2.36569e-05 
12.674127 -1.66508e-05 -2.39805e-05 
12.687898 -1.62067e-05 -2.4296e-05 
12.701669 -1.57567e-05 -2.4603e-05 
12.715440 -1.53011e-05 -2.49017e-05 
12.729211 -1.48399e-05 -2.51918e-05 
12.742982 -1.43734e-05 -2.54732e-05 
12.756754 -1.39016e-05 -2.57459e-05 
12.770525 -1.34249e-05 -2.60098e-05 
12.784296 -1.29433e-05 -2.62647e-05 
12.798067 -1.2457e-05 -2.65107e-05 
12.811838 -1.19661e-05 -2.67475e-05 
12.825609 -1.14709e-05 -2.69752e-05 
12.839380 -1.09715e-05 -2.71936e-05 
12.853151 -1.04682e-05 -2.74027e-05 
12.866922 -9.96094e-06 -2.76024e-05 
12.880693 -9.45007e-06 -2.77926e-05 
12.894464 -8.93573e-06 -2.79733e-05 
12.908235 -8.41808e-06 -2.81445e-05 
12.922006 -7.89732e-06 -2.83059e-05 
12.935777 -7.37362e-06 -2.84577e-05 
12.949548 -6.84716e-06 -2.85997e-05 
12.963319 -6.31813e-06 -2.8732e-05 
12.977090 -5.78671e-06 -2.88544e-05 
12.990862 -5.25308e-06 -2.89669e-05 
13.004633 -4.71742e-06 -2.90695e-05 
13.018404 -4.17993e-06 -2.91621e-05 
13.032175 -3.64079e-06 -2.92448e-05 
13.045946 -3.10018e-06 -2.93174e-05 
13.059717 -2.55828e-06 -2.93801e-05 
13.073488 -2.0153e-06 -2.94327e-05 
13.087259 -1.4714e-06 -2.94752e-05 
13.101030 -9.26789e-07 -2.95076e-05 
13.114801 -3.81639e-07 -2.953e-05 
13.128572 1.63857e-07 -2.95422e-05 
13.142343 7.09514e-07 -2.95444e-05 
13.156114 1.25514e-06 -2.95365e-05 
13.169885 1.80056e-06 -2.95185e-05 
13.183656 2.34558e-06 -2.94904e-05 
13.197427 2.89001e-06 -2.94522e-05 
13.211198 3.43367e-06 -2.9404e-05 
13.224969 3.97638e-06 -2.93458e-05 
13.238741 4.51794e-06 -2.92775e-05 
13.252512 5.05817e-06 -2.91993e-05 
13.266283 5.5969e-06 -2.91111e-05 
13.280054 6.13393e-06 -2.90129e-05 
13.293825 6.66909e-06 -2.89049e-05 
13.307596 7.20219e-06 -2.8787e-05 
13.321367 7.73305e-06 -2.86594e-05 
13.335138 8.2615e-06 -2.85219e-05 
13.348909 8.78735e-06 -2.83748e-05 
13.362680 9.31042e-06 -2.82179e-05 
13.376451 9.83055e-06 -2.80515e-05 
13.390222 1.03475e-05 -2.78755e-05 
13.403993 1.08612e-05 -2.769e-05 
13.417764 1.13715e-05 -2.74951e-05 
13.431535 1.1878e-05 -2.72909e-05 
13.445306 1.23808e-05 -2.70773e-05 
13.459077 1.28796e-05 -2.68546e-05 
13.472849 1.33742e-05 -2.66227e-05 
13.486620 1.38645e-05 -2.63817e-05 
13.500391 1.43503e-05 -2.61318e-05 
13.514162 1.48315e-05 -2.5873e-05 
13.527933 1.53078e-05 -2.56054e-05 
13.541704 1.57792e-05 -2.53291e-05 
13.555475 1.62455e-05 -2.50441e-05 
13.569246 1.67065e-05 -2.47507e-05 
13.583017 1.7162e-05 -2.44489e-05 
13.596788 1.7612e-05 -2.41387e-05 
13.610559 1.80562e-05 -2.38203e-05 
13.624330 1.84946e-05 -2.34939e-05 
13.638101 1.89269e-05 -2.31594e-05 
13.651872 1.9353e-05 -2.28171e-05 
13.665643 1.97728e-05 -2.2467e-05 
13.679414 2.01862e-05 -2.21093e-05 
13.693185 2.0593e-05 -2.17441e-05 
13.706956 2.0993e-05 -2.13715e-05 
13.720728 2.13862e-05 -2.09916e-05 
13.734499 2.17724e-05 -2.06046e-05 
13.748270 2.21515e-05 -2.02106e-05 
13.762041 2.25233e-05 -1.98097e-05 
13.775812 2.28878e-05 -1.94021e-05 
13.789583 2.32447e-05 -1.89878e-05 
13.803354 2.35941e-05 -1.85671e-05 
13.817125 2.39358e-05 -1.81401e-05 
13.830896 2.42696e-05 -1.77069e-05 
13.844667 2.45955e-05 -1.72677e-05 
13.858438 2.49134e-05 -1.68225e-05 
13.872209 2.52231e-05 -1.63717e-05 
13.885980 2.55245e-05 -1.59152e-05 
13.899751 2.58176e-05 -1.54534e-05 
13.913522 2.61022e-05 -1.49862e-05 
13.927293 2.63784e-05 -1.45139e-05 
13.941064 2.66458e-05 -1.40367e-05 
13.954836 2.69046e-05 -1.35547e-05 
13.968607 2.71546e-05 -1.3068e-05 
13.982378 2.73957e-05 -1.25768e-05 
13.996149 2.76278e-05 -1.20813e-05 
14.009920 2.78509e-05 -1.15816e-05 
14.023691 2.80649e-05 -1.1078e-05 
14.037462 2.82697e-05 -1.05705e-05 
14.051233 2.84653e-05 -1.00594e-05 
14.065004 2.86515e-05 -9.54474e-06 
14.078775 2.88284e-05 -9.0268e-06 
14.092546 2.89959e-05 -8.50572e-06 
14.106317 2.91539e-05 -7.98167e-06 
14.120088 2.93024e-05 -7.45482e-06 
14.133859 2.94414e-05 -6.92534e-06 
14.147630 2.95707e-05 -6.3934e-06 
14.161401 2.96903e-05 -5.85919e-06 
14.175172 2.98003e-05 -5.32288e-06 
14.188943 2.99005e-05 -4.78465e-06 
14.202715 2.9991e-05 -4.24467e-06 
14.216486 3.00717e-05 -3.70311e-06 
14.230257 3.01426e-05 -3.16017e-06 
14.244028 3.02036e-05 -2.61601e-06 
14.257799 3.02548e-05 -2.07081e-06 
14.271570 3.02961e-05 -1.52475e-06 
14.285341 3.03276e-05 -9.78018e-07 
14.299112 3.03492e-05 -4.30784e-07 
14.312883 3.03609e-05 1.16773e-07 
14.326654 3.03626e-05 6.64472e-07 
14.340425 3.03545e-05 1.21214e-06 
14.354196 3.03365e-05 1.75958e-06 
14.367967 3.03087e-05 2.30664e-06 
14.381738 3.02709e-05 2.85312e-06 
14.395509 3.02233e-05 3.39886e-06 
14.409280 3.01659e-05 3.94367e-06 
14.423051 3.00987e-05 4.48737e-06 
14.436823 3.00216e-05 5.0298e-06 
14.450594 2.99348e-05 5.57077e-06 
14.464365 2.98383e-05 6.1101e-06 
14.478136 2.9732e-05 6.64763e-06 
