9.975000 3.3084e-05 1.51031e-05 
9.988771 3.27927e-05 1.57765e-05 
10.002542 3.24877e-05 1.64438e-05 
10.016313 3.21693e-05 1.7105e-05 
10.030084 3.18376e-05 1.77596e-05 
10.043855 3.14927e-05 1.84075e-05 
10.057626 3.11348e-05 1.90483e-05 
10.071397 3.07639e-05 1.96819e-05 
10.085168 3.03803e-05 2.03079e-05 
10.098940 2.99842e-05 2.09261e-05 
10.112711 2.95756e-05 2.15363e-05 
10.126482 2.91548e-05 2.21382e-05 
10.140253 2.87219e-05 2.27316e-05 
10.154024 2.82771e-05 2.33162e-05 
10.167795 2.78207e-05 2.38918e-05 
10.181566 2.73527e-05 2.44582e-05 
10.195337 2.68733e-05 2.50151e-05 
10.209108 2.63829e-05 2.55624e-05 
10.222879 2.58815e-05 2.60997e-05 
10.236650 2.53694e-05 2.6627e-05 
10.250421 2.48467e-05 2.71439e-05 
10.264192 2.43138e-05 2.76503e-05 
10.277963 2.37708e-05 2.8146e-05 
10.291734 2.32179e-05 2.86307e-05 
10.305505 2.26554e-05 2.91044e-05 
10.319276 2.20834e-05 2.95668e-05 
10.333047 2.15023e-05 3.00176e-05 
10.346819 2.09122e-05 3.04569e-05 
10.360590 2.03135e-05 3.08843e-05 
10.374361 1.97062e-05 3.12997e-05 
10.388132 1.90907e-05 3.17029e-05 
10.401903 1.84673e-05 3.20938e-05 
10.415674 1.78361e-05 3.24723e-05 
10.429445 1.71975e-05 3.28381e-05 
10.443216 1.65516e-05 3.31912e-05 
10.456987 1.58988e-05 3.35314e-05 
10.470758 1.52393e-05 3.38586e-05 
10.484529 1.45733e-05 3.41727e-05 
10.498300 1.39012e-05 3.44734e-05 
10.512071 1.32231e-05 3.47608e-05 
10.525842 1.25394e-05 3.50347e-05 
10.539613 1.18504e-05 3.5295e-05 
10.553384 1.11563e-05 3.55416e-05 
10.567155 1.04573e-05 3.57744e-05 
10.580927 9.75384e-06 3.59933e-05 
10.594698 9.04608e-06 3.61983e-05 
10.608469 8.33435e-06 3.63893e-05 
10.622240 7.61891e-06 3.65661e-05 
10.636011 6.90005e-06 3.67287e-05 
10.649782 6.17805e-06 3.68771e-05 
10.663553 5.45319e-06 3.70113e-05 
10.677324 4.72576e-06 3.71311e-05 
10.691095 3.99604e-06 3.72365e-05 
10.704866 3.26432e-06 3.73275e-05 
10.718637 2.53088e-06 3.74041e-05 
10.732408 1.79601e-06 3.74661e-05 
10.746179 1.05999e-06 3.75137e-05 
10.759950 3.23115e-07 3.75468e-05 
10.773721 -4.14333e-07 3.75654e-05 
10.787492 -1.15207e-06 3.75694e-05 
10.801263 -1.8898e-06 3.75589e-05 
10.815034 -2.62725e-06 3.75339e-05 
10.828806 -3.36412e-06 3.74945e-05 
10.842577 -4.10014e-06 3.74405e-05 
10.856348 -4.83502e-06 3.73721e-05 
10.870119 -5.56848e-06 3.72893e-05 
10.883890 -6.30023e-06 3.7192e-05 
10.897661 -7.03e-06 3.70805e-05 
10.911432 -7.7575e-06 3.69546e-05 
10.925203 -8.48245e-06 3.68145e-05 
10.938974 -9.20457e-06 3.66602e-05 
10.952745 -9.9236e-06 3.64917e-05 
10.966516 -1.06392e-05 3.63092e-05 
10.980287 -1.13512e-05 3.61128e-05 
10.994058 -1.20593e-05 3.59024e-05 
11.007829 -1.27632e-05 3.56782e-05 
11.021600 -1.34626e-05 3.54402e-05 
11.035371 -1.41573e-05 3.51887e-05 
11.049142 -1.4847e-05 3.49235e-05 
11.062914 -1.55315e-05 3.4645e-05 
11.076685 -1.62105e-05 3.43531e-05 
11.090456 -1.68836e-05 3.4048e-05 
11.104227 -1.75508e-05 3.37299e-05 
11.117998 -1.82117e-05 3.33987e-05 
11.131769 -1.8866e-05 3.30547e-05 
11.145540 -1.95136e-05 3.26981e-05 
11.159311 -2.01542e-05 3.23288e-05 
11.173082 -2.07875e-05 3.19472e-05 
11.186853 -2.14134e-05 3.15532e-05 
11.200624 -2.20315e-05 3.11472e-05 
11.214395 -2.26416e-05 3.07291e-05 
11.228166 -2.32436e-05 3.02993e-05 
11.241937 -2.38371e-05 2.98578e-05 
11.255708 -2.4422e-05 2.94049e-05 
11.269479 -2.49981e-05 2.89407e-05 
11.283250 -2.5565e-05 2.84653e-05 
11.297021 -2.61227e-05 2.7979e-05 
11.310793 -2.6671e-05 2.7482e-05 
11.324564 -2.72095e-05 2.69744e-05 
11.338335 -2.77381e-05 2.64564e-05 
11.352106 -2.82567e-05 2.59282e-05 
11.365877 -2.8765e-05 2.53901e-05 
11.379648 -2.92628e-05 2.48422e-05 
11.393419 -2.975e-05 2.42848e-05 
11.407190 -3.02263e-05 2.3718e-05 
11.420961 -3.06917e-05 2.3142e-05 
11.434732 -3.11458e-05 2.25572e-05 
11.448503 -3.15887e-05 2.19636e-05 
11.462274 -3.202e-05 2.13616e-05 
11.476045 -3.24397e-05 2.07513e-05 
11.489816 -3.28475e-05 2.0133e-05 
11.503587 -3.32434e-05 1.95069e-05 
11.517358 -3.36272e-05 1.88733e-05 
11.531129 -3.39988e-05 1.82323e-05 
11.544901 -3.43579e-05 1.75843e-05 
11.558672 -3.47046e-05 1.69294e-05 
11.572443 -3.50386e-05 1.62679e-05 
11.586214 -3.53599e-05 1.56001e-05 
11.599985 -3.56683e-05 1.49262e-05 
11.613756 -3.59637e-05 1.42464e-05 
11.627527 -3.6246e-05 1.35611e-05 
11.641298 -3.65152e-05 1.28704e-05 
11.655069 -3.6771e-05 1.21746e-05 
11.668840 -3.70135e-05 1.1474e-05 
11.682611 -3.72425e-05 1.07688e-05 
11.696382 -3.7458e-05 1.00593e-05 
11.710153 -3.76598e-05 9.34579e-06 
11.723924 -3.7848e-05 8.62847e-06 
11.737695 -3.80224e-05 7.90764e-06 
11.751466 -3.8183e-05 7.18355e-06 
11.765237 -3.83297e-05 6.45647e-06 
11.779008 -3.84625e-05 5.72667e-06 
11.792780 -3.85814e-05 4.99442e-06 
11.806551 -3.86862e-05 4.25998e-06 
11.820322 -3.8777e-05 3.52362e-06 
11.834093 -3.88537e-05 2.78561e-06 
11.847864 -3.89163e-05 2.04623e-06 
11.861635 -3.89648e-05 1.30574e-06 
11.875406 -3.89992e-05 5.64407e-07 
11.889177 -3.90194e-05 -1.77493e-07 
11.902948 -3.90255e-05 -9.19692e-07 
11.916719 -3.90174e-05 -1.66192e-06 
11.930490 -3.89952e-05 -2.40391e-06 
11.944261 -3.89589e-05 -3.14539e-06 
11.958032 -3.89085e-05 -3.88609e-06 
11.971803 -3.8844e-05 -4.62574e-06 
11.985574 -3.87654e-05 -5.36408e-06 
11.999345 -3.86728e-05 -6.10084e-06 
12.013116 -3.85662e-05 -6.83575e-06 
12.026888 -3.84456e-05 -7.56856e-06 
12.040659 -3.83112e-05 -8.29898e-06 
12.054430 -3.81629e-05 -9.02677e-06 
12.068201 -3.80008e-05 -9.75166e-06 
12.081972 -3.7825e-05 -1.04734e-05 
12.095743 -3.76355e-05 -1.11917e-05 
12.109514 -3.74324e-05 -1.19063e-05 
12.123285 -3.72157e-05 -1.2617e-05 
12.137056 -3.69857e-05 -1.33235e-05 
12.150827 -3.67423e-05 -1.40256e-05 
12.164598 -3.64856e-05 -1.4723e-05 
12.178369 -3.62158e-05 -1.54154e-05 
12.192140 -3.59329e-05 -1.61027e-05 
12.205911 -3.5637e-05 -1.67845e-05 
12.219682 -3.53283e-05 -1.74606e-05 
12.233453 -3.50068e-05 -1.81308e-05 
12.247224 -3.46727e-05 -1.87949e-05 
12.260995 -3.43261e-05 -1.94526e-05 
12.274767 -3.39671e-05 -2.01037e-05 
12.288538 -3.35959e-05 -2.07479e-05 
12.302309 -3.32126e-05 -2.1385e-05 
12.316080 -3.28173e-05 -2.20148e-05 
12.329851 -3.24102e-05 -2.26371e-05 
12.343622 -3.19914e-05 -2.32517e-05 
12.357393 -3.1561e-05 -2.38583e-05 
12.371164 -3.11193e-05 -2.44567e-05 
12.384935 -3.06664e-05 -2.50467e-05 
12.398706 -3.02024e-05 -2.56281e-05 
12.412477 -2.97276e-05 -2.62007e-05 
12.426248 -2.9242e-05 -2.67644e-05 
12.440019 -2.87459e-05 -2.73188e-05 
12.453790 -2.82394e-05 -2.78638e-05 
12.467561 -2.77227e-05 -2.83993e-05 
12.481332 -2.71961e-05 -2.8925e-05 
12.495103 -2.66596e-05 -2.94407e-05 
12.508875 -2.61136e-05 -2.99463e-05 
12.522646 -2.55581e-05 -3.04416e-05 
12.536417 -2.49933e-05 -3.09264e-05 
12.550188 -2.44196e-05 -3.14006e-05 
12.563959 -2.3837e-05 -3.18639e-05 
12.577730 -2.32458e-05 -3.23163e-05 
12.591501 -2.26462e-05 -3.27575e-05 
12.605272 -2.20385e-05 -3.31875e-05 
12.619043 -2.14227e-05 -3.3606e-05 
12.632814 -2.07992e-05 -3.4013e-05 
12.646585 -2.01681e-05 -3.44082e-05 
12.660356 -1.95298e-05 -3.47916e-05 
12.674127 -1.88843e-05 -3.5163e-05 
12.687898 -1.8232e-05 -3.55223e-05 
12.701669 -1.7573e-05 -3.58694e-05 
12.715440 -1.69076e-05 -3.62041e-05 
12.729211 -1.62361e-05 -3.65263e-05 
12.742982 -1.55586e-05 -3.6836e-05 
12.756754 -1.48755e-05 -3.7133e-05 
12.770525 -1.41868e-05 -3.74172e-05 
12.784296 -1.3493e-05 -3.76885e-05 
12.798067 -1.27942e-05 -3.79469e-05 
12.811838 -1.20906e-05 -3.81922e-05 
12.825609 -1.13826e-05 -3.84243e-05 
12.839380 -1.06703e-05 -3.86433e-05 
12.853151 -9.95404e-06 -3.88489e-05 
12.866922 -9.23403e-06 -3.90412e-05 
12.880693 -8.51053e-06 -3.92201e-05 
12.894464 -7.78379e-06 -3.93855e-05 
12.908235 -7.05407e-06 -3.95374e-05 
12.922006 -6.32161e-06 -3.96757e-05 
12.935777 -5.58667e-06 -3.98003e-05 
12.949548 -4.8495e-06 -3.99113e-05 
12.963319 -4.11036e-06 -4.00085e-05 
12.977090 -3.3695e-06 -4.00921e-05 
12.990862 -2.62719e-06 -4.01618e-05 
13.004633 -1.88367e-06 -4.02178e-05 
13.018404 -1.1392e-06 -4.026e-05 
13.032175 -3.94041e-07 -4.02884e-05 
13.045946 3.51554e-07 -4.03029e-05 
13.059717 1.09733e-06 -4.03037e-05 
13.073488 1.84302e-06 -4.02906e-05 
13.087259 2.58839e-06 -4.02637e-05 
13.101030 3.33316e-06 -4.0223e-05 
13.114801 4.07709e-06 -4.01685e-05 
13.128572 4.81992e-06 -4.01003e-05 
13.142343 5.5614e-06 -4.00183e-05 
13.156114 6.30127e-06 -3.99226e-05 
13.169885 7.03928e-06 -3.98133e-05 
13.183656 7.77518e-06 -3.96903e-05 
13.197427 8.50871e-06 -3.95537e-05 
13.211198 9.23964e-06 -3.94036e-05 
13.224969 9.9677e-06 -3.92401e-05 
13.238741 1.06927e-05 -3.90631e-05 
13.252512 1.14143e-05 -3.88727e-05 
13.266283 1.21322e-05 -3.86691e-05 
13.280054 1.28464e-05 -3.84522e-05 
13.293825 1.35565e-05 -3.82222e-05 
13.307596 1.42622e-05 -3.79791e-05 
13.321367 1.49634e-05 -3.77231e-05 
13.335138 1.56597e-05 -3.74542e-05 
13.348909 1.63511e-05 -3.71724e-05 
13.362680 1.70371e-05 -3.6878e-05 
13.376451 1.77177e-05 -3.6571e-05 
13.390222 1.83925e-05 -3.62515e-05 
13.403993 1.90614e-05 -3.59196e-05 
13.417764 1.9724e-05 -3.55755e-05 
13.431535 2.03803e-05 -3.52192e-05 
13.445306 2.10299e-05 -3.48509e-05 
13.459077 2.16727e-05 -3.44707e-05 
13.472849 2.23084e-05 -3.40788e-05 
13.486620 2.29369e-05 -3.36752e-05 
13.500391 2.35579e-05 -3.32602e-05 
13.514162 2.41711e-05 -3.28337e-05 
13.527933 2.47765e-05 -3.23961e-05 
13.541704 2.53737e-05 -3.19475e-05 
13.555475 2.59627e-05 -3.14879e-05 
13.569246 2.65432e-05 -3.10176e-05 
13.583017 2.71149e-05 -3.05367e-05 
13.596788 2.76778e-05 -3.00454e-05 
13.610559 2.82316e-05 -2.95439e-05 
13.624330 2.87762e-05 -2.90322e-05 
13.638101 2.93113e-05 -2.85107e-05 
13.651872 2.98369e-05 -2.79794e-05 
13.665643 3.03526e-05 -2.74386e-05 
13.679414 3.08584e-05 -2.68884e-05 
13.693185 3.1354e-05 -2.63291e-05 
13.706956 3.18394e-05 -2.57607e-05 
13.720728 3.23143e-05 -2.51836e-05 
13.734499 3.27786e-05 -2.45978e-05 
13.748270 3.32322e-05 -2.40036e-05 
13.762041 3.36748e-05 -2.34012e-05 
13.775812 3.41064e-05 -2.27908e-05 
13.789583 3.45268e-05 -2.21726e-05 
13.803354 3.49359e-05 -2.15469e-05 
13.817125 3.53335e-05 -2.09137e-05 
13.830896 3.57195e-05 -2.02733e-05 
13.844667 3.60938e-05 -1.9626e-05 
13.858438 3.64562e-05 -1.8972e-05 
13.872209 3.68067e-05 -1.83114e-05 
13.885980 3.71451e-05 -1.76446e-05 
13.899751 3.74713e-05 -1.69716e-05 
13.913522 3.77852e-05 -1.62928e-05 
13.927293 3.80867e-05 -1.56084e-05 
13.941064 3.83758e-05 -1.49185e-05 
13.954836 3.86522e-05 -1.42235e-05 
13.968607 3.8916e-05 -1.35236e-05 
13.982378 3.9167e-05 -1.28189e-05 
13.996149 3.94051e-05 -1.21098e-05 
14.009920 3.96304e-05 -1.13964e-05 
14.023691 3.98427e-05 -1.0679e-05 
14.037462 4.00419e-05 -9.95786e-06 
14.051233 4.02279e-05 -9.23319e-06 
14.065004 4.04009e-05 -8.50523e-06 
14.078775 4.05605e-05 -7.77422e-06 
14.092546 4.07069e-05 -7.0404e-06 
14.106317 4.084e-05 -6.30402e-06 
14.120088 4.09597e-05 -5.56532e-06 
14.133859 4.1066e-05 -4.82454e-06 
14.147630 4.11588e-05 -4.08193e-06 
14.161401 4.12382e-05 -3.33773e-06 
14.175172 4.13041e-05 -2.59218e-06 
14.188943 4.13564e-05 -1.84553e-06 
14.202715 4.13953e-05 -1.09803e-06 
14.216486 4.14206e-05 -3.49915e-07 
14.230257 4.14324e-05 3.98563e-07 
14.244028 4.14306e-05 1.14716e-06 
14.257799 4.14153e-05 1.89563e-06 
14.271570 4.13864e-05 2.64374e-06 
14.285341 4.13441e-05 3.39122e-06 
14.299112 4.12882e-05 4.13785e-06 
14.312883 4.12188e-05 4.88338e-06 
14.326654 4.1136e-05 5.62756e-06 
14.340425 4.10398e-05 6.37015e-06 
14.354196 4.09302e-05 7.11091e-06 
14.367967 4.08072e-05 7.8496e-06 
14.381738 4.06709e-05 8.58597e-06 
14.395509 4.05213e-05 9.3198e-06 
14.409280 4.03585e-05 1.00508e-05 
14.423051 4.01825e-05 1.07788e-05 
14.436823 3.99935e-05 1.15036e-05 
14.450594 3.97914e-05 1.22248e-05 
14.464365 3.95763e-05 1.29424e-05 
14.478136 3.93483e-05 1.36559e-05 
