9.975000 -5.17381e-05 1.63738e-07 
9.988771 -5.17625e-05 -8.78359e-07 
10.002542 -5.17658e-05 -1.92085e-06 
10.016313 -5.17481e-05 -2.96332e-06 
10.030084 -5.17094e-05 -4.00534e-06 
10.043855 -5.16496e-05 -5.04647e-06 
10.057626 -5.15689e-05 -6.08631e-06 
10.071397 -5.14672e-05 -7.12443e-06 
10.085168 -5.13447e-05 -8.16041e-06 
10.098940 -5.12013e-05 -9.19382e-06 
10.112711 -5.10371e-05 -1.02242e-05 
10.126482 -5.08522e-05 -1.12513e-05 
10.140253 -5.06467e-05 -1.22745e-05 
10.154024 -5.04207e-05 -1.32935e-05 
10.167795 -5.01742e-05 -1.43079e-05 
10.181566 -4.99074e-05 -1.53172e-05 
10.195337 -4.96204e-05 -1.63211e-05 
10.209108 -4.93132e-05 -1.73191e-05 
10.222879 -4.89861e-05 -1.83109e-05 
10.236650 -4.86392e-05 -1.9296e-05 
10.250421 -4.82726e-05 -2.02742e-05 
10.264192 -4.78865e-05 -2.12448e-05 
10.277963 -4.74809e-05 -2.22077e-05 
10.291734 -4.70562e-05 -2.31623e-05 
10.305505 -4.66124e-05 -2.41084e-05 
10.319276 -4.61498e-05 -2.50456e-05 
10.333047 -4.56685e-05 -2.59734e-05 
10.346819 -4.51688e-05 -2.68915e-05 
10.360590 -4.46508e-05 -2.77996e-05 
10.374361 -4.41147e-05 -2.86972e-05 
10.388132 -4.35608e-05 -2.95841e-05 
10.401903 -4.29894e-05 -3.04599e-05 
10.415674 -4.24005e-05 -3.13242e-05 
10.429445 -4.17945e-05 -3.21767e-05 
10.443216 -4.11716e-05 -3.30171e-05 
10.456987 -4.0532e-05 -3.3845e-05 
10.470758 -3.98761e-05 -3.46601e-05 
10.484529 -3.9204e-05 -3.54621e-05 
10.498300 -3.85161e-05 -3.62507e-05 
10.512071 -3.78126e-05 -3.70256e-05 
10.525842 -3.70938e-05 -3.77864e-05 
10.539613 -3.636e-05 -3.8533e-05 
10.553384 -3.56115e-05 -3.92649e-05 
10.567155 -3.48486e-05 -3.99819e-05 
10.580927 -3.40715e-05 -4.06838e-05 
10.594698 -3.32806e-05 -4.13702e-05 
10.608469 -3.24763e-05 -4.20409e-05 
10.622240 -3.16587e-05 -4.26956e-05 
10.636011 -3.08283e-05 -4.33341e-05 
10.649782 -2.99854e-05 -4.39561e-05 
10.663553 -2.91303e-05 -4.45615e-05 
10.677324 -2.82633e-05 -4.51499e-05 
10.691095 -2.73848e-05 -4.57211e-05 
10.704866 -2.64951e-05 -4.6275e-05 
10.718637 -2.55946e-05 -4.68113e-05 
10.732408 -2.46836e-05 -4.73298e-05 
10.746179 -2.37625e-05 -4.78303e-05 
10.759950 -2.28317e-05 -4.83126e-05 
10.773721 -2.18915e-05 -4.87766e-05 
10.787492 -2.09422e-05 -4.9222e-05 
10.801263 -1.99843e-05 -4.96487e-05 
10.815034 -1.9018e-05 -5.00566e-05 
10.828806 -1.80439e-05 -5.04454e-05 
10.842577 -1.70623e-05 -5.08151e-05 
10.856348 -1.60734e-05 -5.11655e-05 
10.870119 -1.50779e-05 -5.14965e-05 
10.883890 -1.40759e-05 -5.18079e-05 
10.897661 -1.30679e-05 -5.20997e-05 
10.911432 -1.20543e-05 -5.23716e-05 
10.925203 -1.10355e-05 -5.26237e-05 
10.938974 -1.00119e-05 -5.28559e-05 
10.952745 -8.98382e-06 -5.3068e-05 
10.966516 -7.95171e-06 -5.326e-05 
10.980287 -6.91596e-06 -5.34317e-05 
10.994058 -5.87695e-06 -5.35833e-05 
11.007829 -4.8351e-06 -5.37145e-05 
11.021600 -3.79079e-06 -5.38254e-05 
11.035371 -2.74442e-06 -5.39158e-05 
11.049142 -1.6964e-06 -5.39859e-05 
11.062914 -6.47122e-07 -5.40355e-05 
11.076685 4.03014e-07 -5.40647e-05 
11.090456 1.45361e-06 -5.40734e-05 
11.104227 2.50427e-06 -5.40617e-05 
11.117998 3.55458e-06 -5.40295e-05 
11.131769 4.60417e-06 -5.39769e-05 
11.145540 5.65262e-06 -5.39039e-05 
11.159311 6.69954e-06 -5.38105e-05 
11.173082 7.74453e-06 -5.36967e-05 
11.186853 8.78721e-06 -5.35627e-05 
11.200624 9.82717e-06 -5.34085e-05 
11.214395 1.0864e-05 -5.32341e-05 
11.228166 1.18974e-05 -5.30396e-05 
11.241937 1.29269e-05 -5.2825e-05 
11.255708 1.39521e-05 -5.25906e-05 
11.269479 1.49727e-05 -5.23363e-05 
11.283250 1.59882e-05 -5.20622e-05 
11.297021 1.69984e-05 -5.17686e-05 
11.310793 1.80027e-05 -5.14554e-05 
11.324564 1.90009e-05 -5.11228e-05 
11.338335 1.99925e-05 -5.0771e-05 
11.352106 2.09772e-05 -5.04e-05 
11.365877 2.19547e-05 -5.001e-05 
11.379648 2.29245e-05 -4.96012e-05 
11.393419 2.38863e-05 -4.91737e-05 
11.407190 2.48398e-05 -4.87277e-05 
11.420961 2.57846e-05 -4.82634e-05 
11.434732 2.67203e-05 -4.77809e-05 
11.448503 2.76466e-05 -4.72804e-05 
11.462274 2.85631e-05 -4.67621e-05 
11.476045 2.94696e-05 -4.62262e-05 
11.489816 3.03657e-05 -4.56729e-05 
11.503587 3.1251e-05 -4.51025e-05 
11.517358 3.21253e-05 -4.4515e-05 
11.531129 3.29881e-05 -4.39108e-05 
11.544901 3.38393e-05 -4.32901e-05 
11.558672 3.46784e-05 -4.26531e-05 
11.572443 3.55053e-05 -4.20001e-05 
11.586214 3.63194e-05 -4.13312e-05 
11.599985 3.71207e-05 -4.06468e-05 
11.613756 3.79087e-05 -3.99471e-05 
11.627527 3.86833e-05 -3.92324e-05 
11.641298 3.9444e-05 -3.85029e-05 
11.655069 4.01907e-05 -3.77588e-05 
11.668840 4.0923e-05 -3.70006e-05 
11.682611 4.16408e-05 -3.62284e-05 
11.696382 4.23437e-05 -3.54426e-05 
11.710153 4.30314e-05 -3.46434e-05 
11.723924 4.37039e-05 -3.38311e-05 
11.737695 4.43607e-05 -3.3006e-05 
11.751466 4.50016e-05 -3.21685e-05 
11.765237 4.56265e-05 -3.13189e-05 
11.779008 4.62351e-05 -3.04574e-05 
11.792780 4.68272e-05 -2.95843e-05 
11.806551 4.74025e-05 -2.87001e-05 
11.820322 4.7961e-05 -2.7805e-05 
11.834093 4.85022e-05 -2.68993e-05 
11.847864 4.90262e-05 -2.59834e-05 
11.861635 4.95327e-05 -2.50577e-05 
11.875406 5.00214e-05 -2.41224e-05 
11.889177 5.04923e-05 -2.31778e-05 
11.902948 5.09451e-05 -2.22245e-05 
11.916719 5.13798e-05 -2.12626e-05 
11.930490 5.17961e-05 -2.02925e-05 
11.944261 5.2194e-05 -1.93146e-05 
11.958032 5.25731e-05 -1.83293e-05 
11.971803 5.29336e-05 -1.73369e-05 
11.985574 5.32751e-05 -1.63377e-05 
11.999345 5.35976e-05 -1.53322e-05 
12.013116 5.3901e-05 -1.43207e-05 
12.026888 5.41852e-05 -1.33035e-05 
12.040659 5.445e-05 -1.2281e-05 
12.054430 5.46955e-05 -1.12537e-05 
12.068201 5.49214e-05 -1.02218e-05 
12.081972 5.51277e-05 -9.18568e-06 
12.095743 5.53144e-05 -8.14581e-06 
12.109514 5.54814e-05 -7.10253e-06 
12.123285 5.56287e-05 -6.0562e-06 
12.137056 5.57561e-05 -5.0072e-06 
12.150827 5.58636e-05 -3.95591e-06 
12.164598 5.59513e-05 -2.9027e-06 
12.178369 5.6019e-05 -1.84795e-06 
12.192140 5.60668e-05 -7.9204e-07 
12.205911 5.60947e-05 2.64654e-07 
12.219682 5.61026e-05 1.32176e-06 
12.233453 5.60906e-05 2.37889e-06 
12.247224 5.60586e-05 3.43567e-06 
12.260995 5.60066e-05 4.49174e-06 
12.274767 5.59348e-05 5.5467e-06 
12.288538 5.58431e-05 6.6002e-06 
12.302309 5.57315e-05 7.65184e-06 
12.316080 5.56002e-05 8.70127e-06 
12.329851 5.54491e-05 9.74811e-06 
12.343622 5.52783e-05 1.0792e-05 
12.357393 5.50879e-05 1.18325e-05 
12.371164 5.48779e-05 1.28694e-05 
12.384935 5.46485e-05 1.39021e-05 
12.398706 5.43997e-05 1.49305e-05 
12.412477 5.41315e-05 1.5954e-05 
12.426248 5.38442e-05 1.69724e-05 
12.440019 5.35378e-05 1.79853e-05 
12.453790 5.32124e-05 1.89924e-05 
12.467561 5.28682e-05 1.99932e-05 
12.481332 5.25052e-05 2.09874e-05 
12.495103 5.21236e-05 2.19747e-05 
12.508875 5.17235e-05 2.29548e-05 
12.522646 5.13051e-05 2.39272e-05 
12.536417 5.08686e-05 2.48917e-05 
12.550188 5.0414e-05 2.58479e-05 
12.563959 4.99416e-05 2.67955e-05 
12.577730 4.94515e-05 2.77341e-05 
12.591501 4.89439e-05 2.86634e-05 
12.605272 4.84189e-05 2.95832e-05 
12.619043 4.78769e-05 3.0493e-05 
12.632814 4.73178e-05 3.13926e-05 
12.646585 4.67421e-05 3.22817e-05 
12.660356 4.61497e-05 3.31598e-05 
12.674127 4.55411e-05 3.40269e-05 
12.687898 4.49163e-05 3.48824e-05 
12.701669 4.42757e-05 3.57262e-05 
12.715440 4.36194e-05 3.6558e-05 
12.729211 4.29476e-05 3.73774e-05 
12.742982 4.22606e-05 3.81842e-05 
12.756754 4.15587e-05 3.89781e-05 
12.770525 4.08421e-05 3.97589e-05 
12.784296 4.0111e-05 4.05262e-05 
12.798067 3.93657e-05 4.12798e-05 
12.811838 3.86064e-05 4.20194e-05 
12.825609 3.78335e-05 4.27448e-05 
12.839380 3.70472e-05 4.34558e-05 
12.853151 3.62477e-05 4.4152e-05 
12.866922 3.54354e-05 4.48333e-05 
12.880693 3.46105e-05 4.54995e-05 
12.894464 3.37734e-05 4.61502e-05 
12.908235 3.29242e-05 4.67853e-05 
12.922006 3.20634e-05 4.74046e-05 
12.935777 3.11911e-05 4.80078e-05 
12.949548 3.03078e-05 4.85947e-05 
12.963319 2.94137e-05 4.91653e-05 
12.977090 2.85091e-05 4.97191e-05 
12.990862 2.75943e-05 5.02561e-05 
13.004633 2.66697e-05 5.07761e-05 
13.018404 2.57356e-05 5.1279e-05 
13.032175 2.47922e-05 5.17644e-05 
13.045946 2.384e-05 5.22323e-05 
13.059717 2.28792e-05 5.26826e-05 
13.073488 2.19102e-05 5.3115e-05 
13.087259 2.09333e-05 5.35294e-05 
13.101030 1.99489e-05 5.39258e-05 
13.114801 1.89572e-05 5.43039e-05 
13.128572 1.79587e-05 5.46636e-05 
13.142343 1.69537e-05 5.50048e-05 
13.156114 1.59424e-05 5.53274e-05 
13.169885 1.49254e-05 5.56313e-05 
13.183656 1.39028e-05 5.59164e-05 
13.197427 1.28751e-05 5.61825e-05 
13.211198 1.18426e-05 5.64297e-05 
13.224969 1.08056e-05 5.66579e-05 
13.238741 9.76458e-06 5.68668e-05 
13.252512 8.71982e-06 5.70566e-05 
13.266283 7.67169e-06 5.72271e-05 
13.280054 6.62053e-06 5.73782e-05 
13.293825 5.56671e-06 5.751e-05 
13.307596 4.51059e-06 5.76224e-05 
13.321367 3.45253e-06 5.77153e-05 
13.335138 2.39288e-06 5.77887e-05 
13.348909 1.332e-06 5.78426e-05 
13.362680 2.70251e-07 5.7877e-05 
13.376451 -7.92005e-07 5.78919e-05 
13.390222 -1.85441e-06 5.78873e-05 
13.403993 -2.9166e-06 5.78631e-05 
13.417764 -3.97823e-06 5.78194e-05 
13.431535 -5.03893e-06 5.77563e-05 
13.445306 -6.09835e-06 5.76737e-05 
13.459077 -7.15613e-06 5.75716e-05 
13.472849 -8.21191e-06 5.74501e-05 
13.486620 -9.26534e-06 5.73093e-05 
13.500391 -1.03161e-05 5.71492e-05 
13.514162 -1.13637e-05 5.69699e-05 
13.527933 -1.2408e-05 5.67714e-05 
13.541704 -1.34485e-05 5.65537e-05 
13.555475 -1.44849e-05 5.63171e-05 
13.569246 -1.55168e-05 5.60615e-05 
13.583017 -1.6544e-05 5.5787e-05 
13.596788 -1.75659e-05 5.54938e-05 
13.610559 -1.85825e-05 5.51819e-05 
13.624330 -1.95931e-05 5.48514e-05 
13.638101 -2.05977e-05 5.45025e-05 
13.651872 -2.15957e-05 5.41353e-05 
13.665643 -2.25869e-05 5.37499e-05 
13.679414 -2.35709e-05 5.33464e-05 
13.693185 -2.45475e-05 5.2925e-05 
13.706956 -2.55162e-05 5.24858e-05 
13.720728 -2.64768e-05 5.2029e-05 
13.734499 -2.7429e-05 5.15547e-05 
13.748270 -2.83724e-05 5.10631e-05 
13.762041 -2.93067e-05 5.05543e-05 
13.775812 -3.02317e-05 5.00286e-05 
13.789583 -3.11469e-05 4.9486e-05 
13.803354 -3.20522e-05 4.89269e-05 
13.817125 -3.29471e-05 4.83513e-05 
13.830896 -3.38315e-05 4.77595e-05 
13.844667 -3.4705e-05 4.71517e-05 
13.858438 -3.55673e-05 4.6528e-05 
13.872209 -3.64182e-05 4.58887e-05 
13.885980 -3.72573e-05 4.5234e-05 
13.899751 -3.80844e-05 4.45641e-05 
13.913522 -3.88993e-05 4.38793e-05 
13.927293 -3.97016e-05 4.31797e-05 
13.941064 -4.04911e-05 4.24656e-05 
13.954836 -4.12675e-05 4.17373e-05 
13.968607 -4.20306e-05 4.09949e-05 
13.982378 -4.27801e-05 4.02388e-05 
13.996149 -4.35158e-05 3.94692e-05 
14.009920 -4.42375e-05 3.86863e-05 
14.023691 -4.49449e-05 3.78904e-05 
14.037462 -4.56377e-05 3.70817e-05 
14.051233 -4.63158e-05 3.62606e-05 
14.065004 -4.69789e-05 3.54273e-05 
14.078775 -4.76269e-05 3.45821e-05 
14.092546 -4.82595e-05 3.37252e-05 
14.106317 -4.88764e-05 3.2857e-05 
14.120088 -4.94776e-05 3.19777e-05 
14.133859 -5.00627e-05 3.10876e-05 
14.147630 -5.06317e-05 3.0187e-05 
14.161401 -5.11844e-05 2.92762e-05 
14.175172 -5.17204e-05 2.83556e-05 
14.188943 -5.22398e-05 2.74254e-05 
14.202715 -5.27423e-05 2.64858e-05 
14.216486 -5.32277e-05 2.55373e-05 
14.230257 -5.36959e-05 2.45802e-05 
14.244028 -5.41468e-05 2.36147e-05 
14.257799 -5.45802e-05 2.26412e-05 
14.271570 -5.4996e-05 2.16599e-05 
14.285341 -5.53939e-05 2.06713e-05 
14.299112 -5.5774e-05 1.96756e-05 
14.312883 -5.61361e-05 1.86731e-05 
14.326654 -5.64801e-05 1.76643e-05 
14.340425 -5.68058e-05 1.66493e-05 
14.354196 -5.71132e-05 1.56287e-05 
14.367967 -5.74021e-05 1.46025e-05 
14.381738 -5.76725e-05 1.35713e-05 
14.395509 -5.79243e-05 1.25354e-05 
14.409280 -5.81574e-05 1.1495e-05 
14.423051 -5.83718e-05 1.04506e-05 
14.436823 -5.85673e-05 9.40244e-06 
14.450594 -5.87439e-05 8.35088e-06 
14.464365 -5.89016e-05 7.29626e-06 
14.478136 -5.90403e-05 6.23893e-06 
