5.462500 -0.00163011 -0.000104467 
5.476271 -0.00162362 -0.000146985 
5.490042 -0.00161606 -0.000189175 
5.503813 -0.00160744 -0.000231011 
5.517584 -0.00159777 -0.000272469 
5.531355 -0.00158706 -0.000313523 
5.545126 -0.00157534 -0.00035415 
5.558897 -0.00156262 -0.000394326 
5.572668 -0.00154891 -0.000434028 
5.586440 -0.00153423 -0.000473234 
5.600211 -0.00151861 -0.000511923 
5.613982 -0.00150205 -0.000550072 
5.627753 -0.00148457 -0.000587661 
5.641524 -0.0014662 -0.00062467 
5.655295 -0.00144695 -0.00066108 
5.669066 -0.00142685 -0.000696871 
5.682837 -0.0014059 -0.000732026 
5.696608 -0.00138414 -0.000766525 
5.710379 -0.00136158 -0.000800353 
5.724150 -0.00133824 -0.000833493 
5.737921 -0.00131415 -0.000865928 
5.751692 -0.00128932 -0.000897644 
5.765463 -0.00126378 -0.000928625 
5.779234 -0.00123754 -0.000958857 
5.793005 -0.00121063 -0.000988327 
5.806776 -0.00118307 -0.00101702 
5.820547 -0.00115489 -0.00104493 
5.834319 -0.0011261 -0.00107204 
5.848090 -0.00109673 -0.00109833 
5.861861 -0.00106681 -0.00112381 
5.875632 -0.00103634 -0.00114846 
5.889403 -0.00100536 -0.00117226 
5.903174 -0.00097389 -0.00119522 
5.916945 -0.000941951 -0.00121732 
5.930716 -0.000909568 -0.00123855 
5.944487 -0.000876763 -0.00125891 
5.958258 -0.000843559 -0.0012784 
5.972029 -0.000809979 -0.001297 
5.985800 -0.000776047 -0.00131471 
5.999571 -0.000741786 -0.00133153 
6.013342 -0.000707219 -0.00134745 
6.027113 -0.000672368 -0.00136247 
6.040884 -0.000637258 -0.00137658 
6.054655 -0.00060191 -0.00138979 
6.068427 -0.000566348 -0.00140209 
6.082198 -0.000530595 -0.00141348 
6.095969 -0.000494673 -0.00142396 
6.109740 -0.000458605 -0.00143353 
6.123511 -0.000422414 -0.00144219 
6.137282 -0.000386122 -0.00144994 
6.151053 -0.00034975 -0.00145679 
6.164824 -0.000313322 -0.00146272 
6.178595 -0.000276859 -0.00146776 
6.192366 -0.000240383 -0.00147189 
6.206137 -0.000203915 -0.00147513 
6.219908 -0.000167477 -0.00147747 
6.233679 -0.00013109 -0.00147893 
6.247450 -9.47741e-05 -0.0014795 
6.261221 -5.85513e-05 -0.00147919 
6.274992 -2.24415e-05 -0.00147801 
6.288763 1.3535e-05 -0.00147597 
6.302534 4.93582e-05 -0.00147306 
6.316306 8.50084e-05 -0.0014693 
6.330077 0.000120466 -0.00146469 
6.343848 0.000155712 -0.00145925 
6.357619 0.000190727 -0.00145298 
6.371390 0.000225493 -0.00144589 
6.385161 0.000259991 -0.00143799 
6.398932 0.000294204 -0.00142928 
6.412703 0.000328113 -0.00141979 
6.426474 0.000361701 -0.00140951 
6.440245 0.000394951 -0.00139846 
6.454016 0.000427847 -0.00138665 
6.467787 0.000460371 -0.00137409 
6.481558 0.000492508 -0.00136079 
6.495329 0.000524242 -0.00134677 
6.509100 0.000555557 -0.00133203 
6.522871 0.000586439 -0.0013166 
6.536642 0.000616873 -0.00130047 
6.550414 0.000646844 -0.00128367 
6.564185 0.000676338 -0.00126621 
6.577956 0.000705343 -0.0012481 
6.591727 0.000733844 -0.00122935 
6.605498 0.000761828 -0.00120999 
6.619269 0.000789284 -0.00119001 
6.633040 0.000816199 -0.00116945 
6.646811 0.000842561 -0.00114831 
6.660582 0.00086836 -0.0011266 
6.674353 0.000893583 -0.00110435 
6.688124 0.000918221 -0.00108157 
6.701895 0.000942264 -0.00105826 
6.715666 0.000965701 -0.00103446 
6.729437 0.000988523 -0.00101017 
6.743208 0.00101072 -0.000985416 
6.756979 0.00103229 -0.000960205 
6.770750 0.00105321 -0.000934556 
6.784521 0.00107349 -0.000908485 
6.798293 0.00109311 -0.00088201 
6.812064 0.00111207 -0.000855146 
6.825835 0.00113036 -0.000827909 
6.839606 0.00114798 -0.000800317 
6.853377 0.00116491 -0.000772386 
6.867148 0.00118116 -0.000744133 
6.880919 0.00119671 -0.000715574 
6.894690 0.00121157 -0.000686726 
6.908461 0.00122573 -0.000657606 
6.922232 0.00123919 -0.000628231 
6.936003 0.00125193 -0.000598618 
6.949774 0.00126397 -0.000568783 
6.963545 0.00127529 -0.000538744 
6.977316 0.0012859 -0.000508516 
6.991087 0.00129579 -0.000478118 
7.004858 0.00130496 -0.000447565 
7.018629 0.00131341 -0.000416875 
7.032401 0.00132114 -0.000386064 
7.046172 0.00132815 -0.000355149 
7.059943 0.00133444 -0.000324146 
7.073714 0.00134001 -0.000293072 
7.087485 0.00134485 -0.000261944 
7.101256 0.00134898 -0.000230777 
7.115027 0.00135239 -0.000199588 
7.128798 0.00135509 -0.000168393 
7.142569 0.00135707 -0.000137208 
7.156340 0.00135834 -0.000106049 
7.170111 0.0013589 -7.49327e-05 
7.183882 0.00135875 -4.38735e-05 
7.197653 0.00135791 -1.28875e-05 
7.211424 0.00135637 1.801e-05 
7.225195 0.00135413 4.88035e-05 
7.238966 0.0013512 7.9478e-05 
7.252737 0.00134759 0.000110019 
7.266508 0.00134331 0.00014041 
7.280280 0.00133834 0.000170639 
7.294051 0.00133271 0.000200689 
7.307822 0.00132642 0.000230547 
7.321593 0.00131947 0.000260199 
7.335364 0.00131187 0.000289631 
7.349135 0.00130363 0.000318829 
7.362906 0.00129475 0.00034778 
7.376677 0.00128524 0.00037647 
7.390448 0.00127512 0.000404886 
7.404219 0.00126438 0.000433015 
7.417990 0.00125304 0.000460845 
7.431761 0.0012411 0.000488363 
7.445532 0.00122857 0.000515558 
7.459303 0.00121547 0.000542416 
7.473074 0.00120179 0.000568927 
7.486845 0.00118756 0.000595078 
7.500616 0.00117277 0.000620859 
7.514388 0.00115745 0.000646259 
7.528159 0.00114159 0.000671266 
7.541930 0.00112521 0.000695871 
7.555701 0.00110832 0.000720063 
7.569472 0.00109093 0.000743832 
7.583243 0.00107305 0.000767168 
7.597014 0.0010547 0.000790062 
7.610785 0.00103587 0.000812505 
7.624556 0.00101659 0.000834487 
7.638327 0.000996864 0.000856001 
7.652098 0.000976704 0.000877037 
7.665869 0.000956121 0.000897588 
7.679640 0.000935128 0.000917646 
7.693411 0.000913737 0.000937203 
7.707182 0.000891958 0.000956253 
7.720953 0.000869805 0.000974787 
7.734724 0.00084729 0.000992799 
7.748495 0.000824425 0.00101028 
7.762267 0.000801222 0.00102723 
7.776038 0.000777694 0.00104364 
7.789809 0.000753854 0.00105951 
7.803580 0.000729713 0.00107482 
7.817351 0.000705285 0.00108958 
7.831122 0.000680582 0.00110377 
7.844893 0.000655618 0.00111741 
7.858664 0.000630405 0.00113047 
7.872435 0.000604956 0.00114296 
7.886206 0.000579284 0.00115487 
7.899977 0.000553402 0.0011662 
7.913748 0.000527323 0.00117695 
7.927519 0.000501059 0.00118712 
7.941290 0.000474625 0.00119669 
7.955061 0.000448033 0.00120568 
7.968832 0.000421297 0.00121407 
7.982603 0.000394428 0.00122187 
7.996375 0.000367441 0.00122908 
8.010146 0.000340348 0.00123569 
8.023917 0.000313162 0.0012417 
8.037688 0.000285896 0.00124712 
8.051459 0.000258564 0.00125194 
8.065230 0.000231177 0.00125616 
8.079001 0.00020375 0.00125978 
8.092772 0.000176294 0.00126281 
8.106543 0.000148823 0.00126524 
8.120314 0.000121349 0.00126708 
8.134085 9.38848e-05 0.00126833 
8.147856 6.6443e-05 0.00126899 
8.161627 3.90361e-05 0.00126905 
8.175398 1.16765e-05 0.00126853 
8.189169 -1.56235e-05 0.00126743 
8.202940 -4.28517e-05 0.00126574 
8.216711 -6.99959e-05 0.00126348 
8.230482 -9.70441e-05 0.00126064 
8.244254 -0.000123984 0.00125722 
8.258025 -0.000150805 0.00125324 
8.271796 -0.000177494 0.0012487 
8.285567 -0.00020404 0.00124359 
8.299338 -0.000230431 0.00123793 
8.313109 -0.000256657 0.00123171 
8.326880 -0.000282705 0.00122495 
8.340651 -0.000308565 0.00121765 
8.354422 -0.000334226 0.00120981 
8.368193 -0.000359678 0.00120144 
8.381964 -0.000384908 0.00119255 
8.395735 -0.000409908 0.00118313 
8.409506 -0.000434666 0.00117321 
8.423277 -0.000459172 0.00116277 
8.437048 -0.000483416 0.00115184 
8.450819 -0.00050739 0.00114041 
8.464590 -0.000531081 0.00112849 
8.478362 -0.000554482 0.0011161 
8.492133 -0.000577583 0.00110323 
8.505904 -0.000600374 0.00108989 
8.519675 -0.000622847 0.0010761 
8.533446 -0.000644993 0.00106186 
8.547217 -0.000666803 0.00104717 
8.560988 -0.000688269 0.00103205 
8.574759 -0.000709382 0.00101651 
8.588530 -0.000730134 0.00100054 
8.602301 -0.000750518 0.000984169 
8.616072 -0.000770525 0.000967394 
8.629843 -0.000790149 0.000950227 
8.643614 -0.000809382 0.000932676 
8.657385 -0.000828217 0.000914751 
8.671156 -0.000846646 0.00089646 
8.684927 -0.000864664 0.000877814 
8.698698 -0.000882264 0.00085882 
8.712469 -0.00089944 0.000839489 
8.726241 -0.000916185 0.00081983 
8.740012 -0.000932493 0.000799853 
8.753783 -0.00094836 0.000779567 
8.767554 -0.000963779 0.000758983 
8.781325 -0.000978746 0.000738109 
8.795096 -0.000993256 0.000716957 
8.808867 -0.0010073 0.000695536 
8.822638 -0.00102088 0.000673856 
8.836409 -0.00103399 0.000651927 
8.850180 -0.00104663 0.00062976 
8.863951 -0.00105878 0.000607365 
8.877722 -0.00107045 0.000584752 
8.891493 -0.00108164 0.000561931 
8.905264 -0.00109233 0.000538914 
8.919035 -0.00110254 0.000515711 
8.932806 -0.00111224 0.000492331 
8.946577 -0.00112145 0.000468786 
8.960349 -0.00113016 0.000445086 
8.974120 -0.00113837 0.000421241 
8.987891 -0.00114607 0.000397263 
9.001662 -0.00115327 0.000373162 
9.015433 -0.00115996 0.000348948 
9.029204 -0.00116614 0.000324633 
9.042975 -0.00117181 0.000300225 
9.056746 -0.00117697 0.000275738 
9.070517 -0.00118162 0.00025118 
9.084288 -0.00118576 0.000226562 
9.098059 -0.00118939 0.000201896 
9.111830 -0.0011925 0.000177191 
9.125601 -0.0011951 0.000152458 
9.139372 -0.00119719 0.000127707 
9.153143 -0.00119878 0.00010295 
9.166914 -0.00119985 7.81955e-05 
9.180685 -0.00120041 5.34549e-05 
9.194456 -0.00120047 2.87381e-05 
9.208228 -0.00120002 4.05561e-06 
9.221999 -0.00119907 -2.05825e-05 
9.235770 -0.00119761 -4.51662e-05 
9.249541 -0.00119566 -6.96853e-05 
9.263312 -0.0011932 -9.41297e-05 
9.277083 -0.00119026 -0.00011849 
9.290854 -0.00118682 -0.000142755 
9.304625 -0.00118289 -0.000166917 
9.318396 -0.00117847 -0.000190964 
9.332167 -0.00117357 -0.000214889 
9.345938 -0.00116819 -0.00023868 
9.359709 -0.00116234 -0.000262329 
9.373480 -0.00115601 -0.000285826 
9.387251 -0.00114921 -0.000309162 
9.401022 -0.00114195 -0.000332328 
9.414793 -0.00113423 -0.000355315 
9.428564 -0.00112605 -0.000378114 
9.442336 -0.00111743 -0.000400715 
9.456107 -0.00110835 -0.000423112 
9.469878 -0.00109884 -0.000445294 
9.483649 -0.00108889 -0.000467254 
9.497420 -0.00107851 -0.000488982 
9.511191 -0.0010677 -0.000510472 
9.524962 -0.00105647 -0.000531714 
9.538733 -0.00104483 -0.000552701 
9.552504 -0.00103278 -0.000573425 
9.566275 -0.00102033 -0.000593878 
9.580046 -0.00100749 -0.000614053 
9.593817 -0.000994253 -0.000633943 
9.607588 -0.000980634 -0.000653539 
9.621359 -0.000966639 -0.000672836 
9.635130 -0.000952274 -0.000691825 
9.648901 -0.000937546 -0.0007105 
9.662672 -0.000922462 -0.000728855 
9.676443 -0.000907029 -0.000746883 
9.690215 -0.000891254 -0.000764577 
9.703986 -0.000875144 -0.000781932 
9.717757 -0.000858707 -0.000798941 
9.731528 -0.00084195 -0.000815598 
9.745299 -0.000824881 -0.000831898 
9.759070 -0.000807507 -0.000847835 
9.772841 -0.000789837 -0.000863404 
9.786612 -0.000771877 -0.000878599 
9.800383 -0.000753637 -0.000893416 
9.814154 -0.000735124 -0.000907848 
9.827925 -0.000716345 -0.000921893 
9.841696 -0.00069731 -0.000935545 
9.855467 -0.000678027 -0.000948799 
9.869238 -0.000658503 -0.000961652 
9.883009 -0.000638748 -0.000974099 
9.896780 -0.000618769 -0.000986137 
9.910551 -0.000598575 -0.000997761 
9.924323 -0.000578175 -0.00100897 
9.938094 -0.000557578 -0.00101976 
9.951865 -0.000536791 -0.00103012 
9.965636 -0.000515824 -0.00104006 
