5.462500 0.000232375 0.00189201 
5.476271 0.000182243 0.00189376 
5.490042 0.000132254 0.00189421 
5.503813 8.24406e-05 0.00189337 
5.517584 3.28348e-05 0.00189124 
5.531355 -1.65322e-05 0.00188785 
5.545126 -6.56297e-05 0.00188319 
5.558897 -0.000114427 0.00187729 
5.572668 -0.000162895 0.00187016 
5.586440 -0.000211004 0.00186182 
5.600211 -0.000258724 0.00185227 
5.613982 -0.000306029 0.00184154 
5.627753 -0.000352891 0.00182964 
5.641524 -0.000399282 0.00181659 
5.655295 -0.000445175 0.0018024 
5.669066 -0.000490546 0.0017871 
5.682837 -0.000535369 0.0017707 
5.696608 -0.000579618 0.00175322 
5.710379 -0.000623271 0.00173468 
5.724150 -0.000666303 0.0017151 
5.737921 -0.000708693 0.00169451 
5.751692 -0.000750417 0.00167291 
5.765463 -0.000791454 0.00165034 
5.779234 -0.000831783 0.00162681 
5.793005 -0.000871385 0.00160235 
5.806776 -0.000910239 0.00157698 
5.820547 -0.000948326 0.00155072 
5.834319 -0.000985629 0.00152359 
5.848090 -0.00102213 0.00149562 
5.861861 -0.00105781 0.00146683 
5.875632 -0.00109266 0.00143725 
5.889403 -0.00112665 0.0014069 
5.903174 -0.00115978 0.0013758 
5.916945 -0.00119202 0.00134398 
5.930716 -0.00122338 0.00131147 
5.944487 -0.00125382 0.00127828 
5.958258 -0.00128335 0.00124444 
5.972029 -0.00131195 0.00120998 
5.985800 -0.0013396 0.00117493 
5.999571 -0.0013663 0.0011393 
6.013342 -0.00139204 0.00110314 
6.027113 -0.00141681 0.00106645 
6.040884 -0.0014406 0.00102926 
6.054655 -0.0014634 0.000991611 
6.068427 -0.00148521 0.000953517 
6.082198 -0.00150601 0.000915007 
6.095969 -0.00152582 0.000876107 
6.109740 -0.00154461 0.000836842 
6.123511 -0.00156238 0.000797238 
6.137282 -0.00157914 0.000757322 
6.151053 -0.00159487 0.000717118 
6.164824 -0.00160958 0.000676652 
6.178595 -0.00162326 0.000635951 
6.192366 -0.00163591 0.000595039 
6.206137 -0.00164753 0.000553942 
6.219908 -0.00165812 0.000512686 
6.233679 -0.00166769 0.000471295 
6.247450 -0.00167622 0.000429794 
6.261221 -0.00168373 0.000388209 
6.274992 -0.00169022 0.000346564 
6.288763 -0.00169568 0.000304884 
6.302534 -0.00170013 0.000263192 
6.316306 -0.00170356 0.000221514 
6.330077 -0.00170598 0.000179873 
6.343848 -0.00170739 0.000138293 
6.357619 -0.00170781 9.67963e-05 
6.371390 -0.00170723 5.54076e-05 
6.385161 -0.00170566 1.41493e-05 
6.398932 -0.00170312 -2.69558e-05 
6.412703 -0.0016996 -6.78853e-05 
6.426474 -0.00169511 -0.000108617 
6.440245 -0.00168967 -0.000149129 
6.454016 -0.00168328 -0.0001894 
6.467787 -0.00167595 -0.000229409 
6.481558 -0.0016677 -0.000269134 
6.495329 -0.00165852 -0.000308554 
6.509100 -0.00164844 -0.000347651 
6.522871 -0.00163745 -0.000386403 
6.536642 -0.00162559 -0.000424792 
6.550414 -0.00161285 -0.000462797 
6.564185 -0.00159924 -0.0005004 
6.577956 -0.00158479 -0.000537583 
6.591727 -0.0015695 -0.000574327 
6.605498 -0.00155339 -0.000610615 
6.619269 -0.00153646 -0.000646428 
6.633040 -0.00151874 -0.000681751 
6.646811 -0.00150024 -0.000716566 
6.660582 -0.00148098 -0.000750858 
6.674353 -0.00146096 -0.00078461 
6.688124 -0.0014402 -0.000817807 
6.701895 -0.00141872 -0.000850434 
6.715666 -0.00139654 -0.000882477 
6.729437 -0.00137367 -0.000913921 
6.743208 -0.00135012 -0.000944753 
6.756979 -0.00132591 -0.00097496 
6.770750 -0.00130107 -0.00100453 
6.784521 -0.0012756 -0.00103344 
6.798293 -0.00124952 -0.0010617 
6.812064 -0.00122286 -0.00108928 
6.825835 -0.00119562 -0.00111617 
6.839606 -0.00116783 -0.00114237 
6.853377 -0.0011395 -0.00116786 
6.867148 -0.00111065 -0.00119264 
6.880919 -0.0010813 -0.00121668 
6.894690 -0.00105147 -0.00124 
6.908461 -0.00102118 -0.00126257 
6.922232 -0.000990439 -0.00128439 
6.936003 -0.000959272 -0.00130545 
6.949774 -0.000927696 -0.00132575 
6.963545 -0.00089573 -0.00134527 
6.977316 -0.000863393 -0.00136401 
6.991087 -0.000830704 -0.00138197 
7.004858 -0.000797682 -0.00139914 
7.018629 -0.000764345 -0.00141552 
7.032401 -0.000730713 -0.00143109 
7.046172 -0.000696804 -0.00144587 
7.059943 -0.000662638 -0.00145983 
7.073714 -0.000628233 -0.00147299 
7.087485 -0.000593609 -0.00148533 
7.101256 -0.000558783 -0.00149685 
7.115027 -0.000523777 -0.00150756 
7.128798 -0.000488607 -0.00151745 
7.142569 -0.000453293 -0.00152652 
7.156340 -0.000417855 -0.00153477 
7.170111 -0.000382309 -0.0015422 
7.183882 -0.000346676 -0.00154881 
7.197653 -0.000310974 -0.0015546 
7.211424 -0.000275221 -0.00155957 
7.225195 -0.000239436 -0.00156373 
7.238966 -0.000203637 -0.00156707 
7.252737 -0.000167842 -0.00156959 
7.266508 -0.00013207 -0.00157131 
7.280280 -9.63371e-05 -0.00157221 
7.294051 -6.06625e-05 -0.00157232 
7.307822 -2.50637e-05 -0.00157162 
7.321593 1.0442e-05 -0.00157012 
7.335364 4.58372e-05 -0.00156784 
7.349135 8.11047e-05 -0.00156476 
7.362906 0.000116227 -0.00156091 
7.376677 0.000151189 -0.00155627 
7.390448 0.000185972 -0.00155087 
7.404219 0.00022056 -0.0015447 
7.417990 0.000254937 -0.00153778 
7.431761 0.000289088 -0.0015301 
7.445532 0.000322995 -0.00152168 
7.459303 0.000356644 -0.00151253 
7.473074 0.000390019 -0.00150264 
7.486845 0.000423105 -0.00149204 
7.500616 0.000455887 -0.00148072 
7.514388 0.00048835 -0.0014687 
7.528159 0.00052048 -0.00145599 
7.541930 0.000552262 -0.00144259 
7.555701 0.000583683 -0.00142852 
7.569472 0.000614728 -0.00141378 
7.583243 0.000645385 -0.00139839 
7.597014 0.00067564 -0.00138235 
7.610785 0.00070548 -0.00136567 
7.624556 0.000734893 -0.00134838 
7.638327 0.000763866 -0.00133047 
7.652098 0.000792387 -0.00131196 
7.665869 0.000820444 -0.00129286 
7.679640 0.000848026 -0.00127318 
7.693411 0.000875121 -0.00125293 
7.707182 0.000901719 -0.00123214 
7.720953 0.000927809 -0.0012108 
7.734724 0.00095338 -0.00118893 
7.748495 0.000978423 -0.00116654 
7.762267 0.00100293 -0.00114365 
7.776038 0.00102688 -0.00112027 
7.789809 0.00105028 -0.00109641 
7.803580 0.00107312 -0.00107209 
7.817351 0.00109538 -0.00104732 
7.831122 0.00111706 -0.00102211 
7.844893 0.00113815 -0.000996473 
7.858664 0.00115864 -0.00097043 
7.872435 0.00117852 -0.000943991 
7.886206 0.0011978 -0.000917171 
7.899977 0.00121645 -0.000889983 
7.913748 0.00123448 -0.000862441 
7.927519 0.00125188 -0.000834561 
7.941290 0.00126865 -0.000806356 
7.955061 0.00128477 -0.000777841 
7.968832 0.00130024 -0.000749031 
7.982603 0.00131507 -0.000719939 
7.996375 0.00132924 -0.000690582 
8.010146 0.00134275 -0.000660972 
8.023917 0.00135559 -0.000631126 
8.037688 0.00136777 -0.000601058 
8.051459 0.00137928 -0.000570782 
8.065230 0.00139012 -0.000540314 
8.079001 0.00140029 -0.000509668 
8.092772 0.00140977 -0.000478859 
8.106543 0.00141858 -0.000447902 
8.120314 0.00142671 -0.000416811 
8.134085 0.00143415 -0.000385602 
8.147856 0.00144092 -0.000354289 
8.161627 0.001447 -0.000322887 
8.175398 0.0014524 -0.000291411 
8.189169 0.00145712 -0.000259874 
8.202940 0.00146115 -0.000228293 
8.216711 0.00146451 -0.000196681 
8.230482 0.00146718 -0.000165052 
8.244254 0.00146918 -0.000133422 
8.258025 0.00147049 -0.000101805 
8.271796 0.00147113 -7.02143e-05 
8.285567 0.0014711 -3.86648e-05 
8.299338 0.0014704 -7.17036e-06 
8.313109 0.00146903 2.42549e-05 
8.326880 0.00146699 5.55972e-05 
8.340651 0.00146429 8.68426e-05 
8.354422 0.00146093 0.000117978 
8.368193 0.00145692 0.000148988 
8.381964 0.00145226 0.000179862 
8.395735 0.00144695 0.000210584 
8.409506 0.00144101 0.000241143 
8.423277 0.00143442 0.000271524 
8.437048 0.00142721 0.000301716 
8.450819 0.00141937 0.000331704 
8.464590 0.00141091 0.000361478 
8.478362 0.00140183 0.000391023 
8.492133 0.00139215 0.000420329 
8.505904 0.00138187 0.000449382 
8.519675 0.00137099 0.000478171 
8.533446 0.00135953 0.000506684 
8.547217 0.00134748 0.000534909 
8.560988 0.00133486 0.000562835 
8.574759 0.00132167 0.000590451 
8.588530 0.00130793 0.000617745 
8.602301 0.00129364 0.000644707 
8.616072 0.0012788 0.000671327 
8.629843 0.00126343 0.000697592 
8.643614 0.00124754 0.000723494 
8.657385 0.00123113 0.000749022 
8.671156 0.00121421 0.000774166 
8.684927 0.00119679 0.000798917 
8.698698 0.00117889 0.000823265 
8.712469 0.0011605 0.000847201 
8.726241 0.00114164 0.000870716 
8.740012 0.00112233 0.0008938 
8.753783 0.00110256 0.000916447 
8.767554 0.00108235 0.000938646 
8.781325 0.00106171 0.000960391 
8.795096 0.00104065 0.000981672 
8.808867 0.00101918 0.00100248 
8.822638 0.000997317 0.00102282 
8.836409 0.000975061 0.00104266 
8.850180 0.000952428 0.00106202 
8.863951 0.000929428 0.00108088 
8.877722 0.000906072 0.00109923 
8.891493 0.000882372 0.00111707 
8.905264 0.000858338 0.00113439 
8.919035 0.000833982 0.00115119 
8.932806 0.000809316 0.00116746 
8.946577 0.000784351 0.0011832 
8.960349 0.000759099 0.00119839 
8.974120 0.00073357 0.00121305 
8.987891 0.000707778 0.00122715 
9.001662 0.000681733 0.00124071 
9.015433 0.000655447 0.0012537 
9.029204 0.000628933 0.00126614 
9.042975 0.000602202 0.00127801 
9.056746 0.000575266 0.00128931 
9.070517 0.000548137 0.00130005 
9.084288 0.000520828 0.00131021 
9.098059 0.00049335 0.00131979 
9.111830 0.000465715 0.0013288 
9.125601 0.000437935 0.00133723 
9.139372 0.000410023 0.00134507 
9.153143 0.00038199 0.00135234 
9.166914 0.000353849 0.00135902 
9.180685 0.000325611 0.00136511 
9.194456 0.00029729 0.00137062 
9.208228 0.000268896 0.00137554 
9.221999 0.000240442 0.00137987 
9.235770 0.00021194 0.00138362 
9.249541 0.000183402 0.00138677 
9.263312 0.00015484 0.00138935 
9.277083 0.000126265 0.00139133 
9.290854 9.76907e-05 0.00139273 
9.304625 6.91274e-05 0.00139355 
9.318396 4.05873e-05 0.00139379 
9.332167 1.20822e-05 0.00139344 
9.345938 -1.63763e-05 0.00139252 
9.359709 -4.47766e-05 0.00139102 
9.373480 -7.31071e-05 0.00138894 
9.387251 -0.000101356 0.00138629 
9.401022 -0.000129513 0.00138307 
9.414793 -0.000157566 0.00137929 
9.428564 -0.000185504 0.00137494 
9.442336 -0.000213316 0.00137003 
9.456107 -0.00024099 0.00136457 
9.469878 -0.000268516 0.00135855 
9.483649 -0.000295884 0.00135198 
9.497420 -0.000323082 0.00134487 
9.511191 -0.000350099 0.00133722 
9.524962 -0.000376926 0.00132904 
9.538733 -0.000403552 0.00132032 
9.552504 -0.000429966 0.00131108 
9.566275 -0.000456159 0.00130132 
9.580046 -0.00048212 0.00129104 
9.593817 -0.00050784 0.00128026 
9.607588 -0.000533309 0.00126897 
9.621359 -0.000558517 0.00125718 
9.635130 -0.000583455 0.0012449 
9.648901 -0.000608113 0.00123214 
9.662672 -0.000632482 0.0012189 
9.676443 -0.000656554 0.00120518 
9.690215 -0.00068032 0.00119101 
9.703986 -0.00070377 0.00117637 
9.717757 -0.000726896 0.00116128 
9.731528 -0.00074969 0.00114574 
9.745299 -0.000772143 0.00112977 
9.759070 -0.000794248 0.00111338 
9.772841 -0.000815996 0.00109656 
9.786612 -0.00083738 0.00107932 
9.800383 -0.000858392 0.00106168 
9.814154 -0.000879025 0.00104365 
9.827925 -0.000899271 0.00102522 
9.841696 -0.000919124 0.00100641 
9.855467 -0.000938577 0.000987233 
9.869238 -0.000957623 0.00096769 
9.883009 -0.000976255 0.000947792 
9.896780 -0.000994467 0.000927547 
9.910551 -0.00101225 0.000906965 
9.924323 -0.00102961 0.000886055 
9.938094 -0.00104652 0.000864825 
9.951865 -0.001063 0.000843286 
9.965636 -0.00107902 0.000821445 
