9.975000 0.000748047 0.000498865 
9.988771 0.000737554 0.000513394 
10.002542 0.000726784 0.000527696 
10.016313 0.000715745 0.000541768 
10.030084 0.00070444 0.000555604 
10.043855 0.000692875 0.000569199 
10.057626 0.000681054 0.000582549 
10.071397 0.000668984 0.000595648 
10.085168 0.000656669 0.000608493 
10.098940 0.000644115 0.000621079 
10.112711 0.000631327 0.000633401 
10.126482 0.000618311 0.000645457 
10.140253 0.000605073 0.00065724 
10.154024 0.000591617 0.000668749 
10.167795 0.000577951 0.000679978 
10.181566 0.00056408 0.000690925 
10.195337 0.000550009 0.000701585 
10.209108 0.000535745 0.000711955 
10.222879 0.000521294 0.000722032 
10.236650 0.000506661 0.000731813 
10.250421 0.000491852 0.000741294 
10.264192 0.000476875 0.000750474 
10.277963 0.000461735 0.000759348 
10.291734 0.000446438 0.000767914 
10.305505 0.00043099 0.00077617 
10.319276 0.000415399 0.000784113 
10.333047 0.000399669 0.000791741 
10.346819 0.000383808 0.000799051 
10.360590 0.000367822 0.000806043 
10.374361 0.000351718 0.000812712 
10.388132 0.000335501 0.000819059 
10.401903 0.000319178 0.000825081 
10.415674 0.000302756 0.000830777 
10.429445 0.000286242 0.000836145 
10.443216 0.000269641 0.000841184 
10.456987 0.00025296 0.000845893 
10.470758 0.000236206 0.00085027 
10.484529 0.000219386 0.000854316 
10.498300 0.000202506 0.000858029 
10.512071 0.000185572 0.000861408 
10.525842 0.000168591 0.000864453 
10.539613 0.000151569 0.000867163 
10.553384 0.000134514 0.000869539 
10.567155 0.000117432 0.00087158 
10.580927 0.000100329 0.000873286 
10.594698 8.32109e-05 0.000874658 
10.608469 6.60855e-05 0.000875694 
10.622240 4.89588e-05 0.000876397 
10.636011 3.18372e-05 0.000876766 
10.649782 1.47272e-05 0.000876802 
10.663553 -2.36476e-06 0.000876506 
10.677324 -1.94323e-05 0.000875878 
10.691095 -3.64692e-05 0.000874919 
10.704866 -5.34689e-05 0.000873632 
10.718637 -7.04253e-05 0.000872015 
10.732408 -8.7332e-05 0.000870072 
10.746179 -0.000104183 0.000867804 
10.759950 -0.000120972 0.000865212 
10.773721 -0.000137692 0.000862297 
10.787492 -0.000154338 0.000859062 
10.801263 -0.000170904 0.000855509 
10.815034 -0.000187384 0.000851639 
10.828806 -0.000203771 0.000847455 
10.842577 -0.00022006 0.000842958 
10.856348 -0.000236245 0.000838152 
10.870119 -0.00025232 0.000833038 
10.883890 -0.00026828 0.00082762 
10.897661 -0.000284118 0.000821899 
10.911432 -0.000299829 0.000815879 
10.925203 -0.000315408 0.000809563 
10.938974 -0.000330849 0.000802953 
10.952745 -0.000346146 0.000796053 
10.966516 -0.000361295 0.000788865 
10.980287 -0.00037629 0.000781394 
10.994058 -0.000391125 0.000773641 
11.007829 -0.000405796 0.000765612 
11.021600 -0.000420298 0.000757309 
11.035371 -0.000434625 0.000748735 
11.049142 -0.000448773 0.000739896 
11.062914 -0.000462737 0.000730794 
11.076685 -0.000476511 0.000721433 
11.090456 -0.000490092 0.000711818 
11.104227 -0.000503475 0.000701951 
11.117998 -0.000516656 0.000691839 
11.131769 -0.000529629 0.000681484 
11.145540 -0.000542391 0.000670891 
11.159311 -0.000554937 0.000660065 
11.173082 -0.000567263 0.000649009 
11.186853 -0.000579365 0.000637729 
11.200624 -0.00059124 0.000626228 
11.214395 -0.000602883 0.000614512 
11.228166 -0.00061429 0.000602585 
11.241937 -0.000625458 0.000590453 
11.255708 -0.000636384 0.000578119 
11.269479 -0.000647063 0.000565588 
11.283250 -0.000657492 0.000552867 
11.297021 -0.000667669 0.000539959 
11.310793 -0.00067759 0.000526869 
11.324564 -0.000687251 0.000513604 
11.338335 -0.00069665 0.000500167 
11.352106 -0.000705784 0.000486565 
11.365877 -0.00071465 0.000472802 
11.379648 -0.000723246 0.000458883 
11.393419 -0.000731568 0.000444815 
11.407190 -0.000739615 0.000430602 
11.420961 -0.000747384 0.00041625 
11.434732 -0.000754873 0.000401764 
11.448503 -0.000762079 0.00038715 
11.462274 -0.000769001 0.000372413 
11.476045 -0.000775636 0.000357559 
11.489816 -0.000781983 0.000342593 
11.503587 -0.000788041 0.000327521 
11.517358 -0.000793807 0.000312349 
11.531129 -0.000799279 0.000297081 
11.544901 -0.000804458 0.000281725 
11.558672 -0.00080934 0.000266285 
11.572443 -0.000813926 0.000250767 
11.586214 -0.000818213 0.000235177 
11.599985 -0.000822202 0.000219521 
11.613756 -0.00082589 0.000203804 
11.627527 -0.000829278 0.000188032 
11.641298 -0.000832365 0.000172211 
11.655069 -0.00083515 0.000156346 
11.668840 -0.000837633 0.000140443 
11.682611 -0.000839813 0.000124508 
11.696382 -0.000841691 0.000108547 
11.710153 -0.000843265 9.25657e-05 
11.723924 -0.000844537 7.65691e-05 
11.737695 -0.000845506 6.05633e-05 
11.751466 -0.000846172 4.45539e-05 
11.765237 -0.000846536 2.85467e-05 
11.779008 -0.000846599 1.25474e-05 
11.792780 -0.00084636 -3.43849e-06 
11.806551 -0.00084582 -1.94053e-05 
11.820322 -0.000844981 -3.53473e-05 
11.834093 -0.000843842 -5.12591e-05 
11.847864 -0.000842405 -6.7135e-05 
11.861635 -0.000840672 -8.29695e-05 
11.875406 -0.000838642 -9.87571e-05 
11.889177 -0.000836317 -0.000114492 
11.902948 -0.0008337 -0.00013017 
11.916719 -0.00083079 -0.000145784 
11.930490 -0.00082759 -0.00016133 
11.944261 -0.000824101 -0.000176801 
11.958032 -0.000820325 -0.000192194 
11.971803 -0.000816265 -0.000207502 
11.985574 -0.00081192 -0.00022272 
11.999345 -0.000807295 -0.000237843 
12.013116 -0.000802391 -0.000252866 
12.026888 -0.000797209 -0.000267785 
12.040659 -0.000791753 -0.000282593 
12.054430 -0.000786025 -0.000297286 
12.068201 -0.000780028 -0.000311859 
12.081972 -0.000773763 -0.000326307 
12.095743 -0.000767233 -0.000340625 
12.109514 -0.000760442 -0.000354809 
12.123285 -0.000753392 -0.000368853 
12.137056 -0.000746085 -0.000382754 
12.150827 -0.000738526 -0.000396506 
12.164598 -0.000730716 -0.000410105 
12.178369 -0.00072266 -0.000423547 
12.192140 -0.00071436 -0.000436827 
12.205911 -0.00070582 -0.000449941 
12.219682 -0.000697042 -0.000462885 
12.233453 -0.000688031 -0.000475653 
12.247224 -0.00067879 -0.000488243 
12.260995 -0.000669323 -0.000500651 
12.274767 -0.000659633 -0.000512871 
12.288538 -0.000649723 -0.000524901 
12.302309 -0.000639599 -0.000536736 
12.316080 -0.000629263 -0.000548373 
12.329851 -0.000618719 -0.000559808 
12.343622 -0.000607972 -0.000571038 
12.357393 -0.000597025 -0.000582058 
12.371164 -0.000585883 -0.000592866 
12.384935 -0.00057455 -0.000603458 
12.398706 -0.00056303 -0.000613831 
12.412477 -0.000551326 -0.000623981 
12.426248 -0.000539445 -0.000633906 
12.440019 -0.000527389 -0.000643602 
12.453790 -0.000515164 -0.000653067 
12.467561 -0.000502773 -0.000662297 
12.481332 -0.000490222 -0.00067129 
12.495103 -0.000477515 -0.000680044 
12.508875 -0.000464656 -0.000688555 
12.522646 -0.00045165 -0.000696821 
12.536417 -0.000438502 -0.000704839 
12.550188 -0.000425217 -0.000712608 
12.563959 -0.000411799 -0.000720125 
12.577730 -0.000398253 -0.000727388 
12.591501 -0.000384584 -0.000734394 
12.605272 -0.000370796 -0.000741142 
12.619043 -0.000356896 -0.000747631 
12.632814 -0.000342886 -0.000753857 
12.646585 -0.000328773 -0.00075982 
12.660356 -0.000314562 -0.000765517 
12.674127 -0.000300257 -0.000770948 
12.687898 -0.000285863 -0.000776111 
12.701669 -0.000271386 -0.000781004 
12.715440 -0.000256831 -0.000785627 
12.729211 -0.000242202 -0.000789978 
12.742982 -0.000227504 -0.000794056 
12.756754 -0.000212743 -0.00079786 
12.770525 -0.000197924 -0.000801389 
12.784296 -0.000183052 -0.000804643 
12.798067 -0.000168131 -0.000807621 
12.811838 -0.000153168 -0.000810322 
12.825609 -0.000138167 -0.000812746 
12.839380 -0.000123133 -0.000814893 
12.853151 -0.000108072 -0.000816761 
12.866922 -9.29885e-05 -0.000818352 
12.880693 -7.78874e-05 -0.000819664 
12.894464 -6.27741e-05 -0.000820698 
12.908235 -4.76537e-05 -0.000821454 
12.922006 -3.25312e-05 -0.000821931 
12.935777 -1.74117e-05 -0.000822132 
12.949548 -2.3004e-06 -0.000822054 
12.963319 1.27978e-05 -0.0008217 
12.977090 2.78778e-05 -0.00082107 
12.990862 4.29345e-05 -0.000820164 
13.004633 5.7963e-05 -0.000818982 
13.018404 7.29583e-05 -0.000817527 
13.032175 8.79154e-05 -0.000815798 
13.045946 0.000102829 -0.000813797 
13.059717 0.000117695 -0.000811525 
13.073488 0.000132508 -0.000808982 
13.087259 0.000147263 -0.000806171 
13.101030 0.000161956 -0.000803092 
13.114801 0.000176581 -0.000799747 
13.128572 0.000191134 -0.000796138 
13.142343 0.00020561 -0.000792265 
13.156114 0.000220004 -0.000788131 
13.169885 0.000234312 -0.000783738 
13.183656 0.000248529 -0.000779087 
13.197427 0.00026265 -0.00077418 
13.211198 0.000276671 -0.000769019 
13.224969 0.000290588 -0.000763606 
13.238741 0.000304395 -0.000757944 
13.252512 0.000318089 -0.000752035 
13.266283 0.000331665 -0.000745881 
13.280054 0.000345119 -0.000739484 
13.293825 0.000358447 -0.000732846 
13.307596 0.000371644 -0.000725972 
13.321367 0.000384705 -0.000718862 
13.335138 0.000397628 -0.00071152 
13.348909 0.000410408 -0.000703948 
13.362680 0.000423041 -0.000696149 
13.376451 0.000435523 -0.000688127 
13.390222 0.000447849 -0.000679884 
13.403993 0.000460017 -0.000671423 
13.417764 0.000472023 -0.000662747 
13.431535 0.000483862 -0.00065386 
13.445306 0.000495531 -0.000644764 
13.459077 0.000507026 -0.000635463 
13.472849 0.000518345 -0.00062596 
13.486620 0.000529483 -0.000616259 
13.500391 0.000540437 -0.000606363 
13.514162 0.000551203 -0.000596276 
13.527933 0.00056178 -0.000586001 
13.541704 0.000572162 -0.000575542 
13.555475 0.000582347 -0.000564902 
13.569246 0.000592333 -0.000554085 
13.583017 0.000602115 -0.000543096 
13.596788 0.000611692 -0.000531937 
13.610559 0.000621059 -0.000520613 
13.624330 0.000630216 -0.000509128 
13.638101 0.000639158 -0.000497485 
13.651872 0.000647883 -0.000485689 
13.665643 0.000656389 -0.000473744 
13.679414 0.000664673 -0.000461653 
13.693185 0.000672733 -0.000449421 
13.706956 0.000680566 -0.000437053 
13.720728 0.00068817 -0.000424552 
13.734499 0.000695543 -0.000411922 
13.748270 0.000702684 -0.000399168 
13.762041 0.000709589 -0.000386295 
13.775812 0.000716257 -0.000373305 
13.789583 0.000722686 -0.000360205 
13.803354 0.000728875 -0.000346998 
13.817125 0.000734821 -0.000333689 
13.830896 0.000740523 -0.000320281 
13.844667 0.00074598 -0.000306781 
13.858438 0.00075119 -0.000293191 
13.872209 0.000756152 -0.000279517 
13.885980 0.000760864 -0.000265764 
13.899751 0.000765325 -0.000251935 
13.913522 0.000769535 -0.000238035 
13.927293 0.000773491 -0.000224069 
13.941064 0.000777194 -0.000210042 
13.954836 0.000780642 -0.000195957 
13.968607 0.000783835 -0.00018182 
13.982378 0.000786772 -0.000167636 
13.996149 0.000789451 -0.000153409 
14.009920 0.000791874 -0.000139143 
14.023691 0.000794038 -0.000124843 
14.037462 0.000795945 -0.000110514 
14.051233 0.000797593 -9.61611e-05 
14.065004 0.000798982 -8.1788e-05 
14.078775 0.000800113 -6.73997e-05 
14.092546 0.000800985 -5.30008e-05 
14.106317 0.000801598 -3.8596e-05 
14.120088 0.000801953 -2.41899e-05 
14.133859 0.000802049 -9.78716e-06 
14.147630 0.000801888 4.60769e-06 
14.161401 0.000801468 1.899e-05 
14.175172 0.000800792 3.33552e-05 
14.188943 0.000799858 4.76987e-05 
14.202715 0.000798669 6.20159e-05 
14.216486 0.000797224 7.63024e-05 
14.230257 0.000795525 9.05535e-05 
14.244028 0.000793572 0.000104765 
14.257799 0.000791366 0.000118932 
14.271570 0.000788908 0.00013305 
14.285341 0.0007862 0.000147115 
14.299112 0.000783242 0.000161122 
14.312883 0.000780036 0.000175067 
14.326654 0.000776583 0.000188946 
14.340425 0.000772885 0.000202754 
14.354196 0.000768942 0.000216487 
14.367967 0.000764757 0.000230141 
14.381738 0.000760331 0.000243711 
14.395509 0.000755666 0.000257193 
14.409280 0.000750764 0.000270584 
14.423051 0.000745626 0.000283878 
14.436823 0.000740255 0.000297072 
14.450594 0.000734652 0.000310162 
14.464365 0.000728819 0.000323144 
14.478136 0.000722759 0.000336013 
