5.462500 -0.00090181 3.22738e-05 
5.476271 -0.000900585 8.54512e-06 
5.490042 -0.00089875 -1.50625e-05 
5.503813 -0.000896311 -3.85341e-05 
5.517584 -0.000893276 -6.18552e-05 
5.531355 -0.000889651 -8.50115e-05 
5.545126 -0.000885443 -0.000107989 
5.558897 -0.000880659 -0.000130774 
5.572668 -0.000875308 -0.000153352 
5.586440 -0.000869398 -0.000175711 
5.600211 -0.000862937 -0.000197838 
5.613982 -0.000855933 -0.000219719 
5.627753 -0.000848396 -0.000241343 
5.641524 -0.000840334 -0.000262698 
5.655295 -0.000831757 -0.000283771 
5.669066 -0.000822675 -0.000304552 
5.682837 -0.000813096 -0.000325028 
5.696608 -0.000803032 -0.00034519 
5.710379 -0.000792492 -0.000365027 
5.724150 -0.000781487 -0.000384527 
5.737921 -0.000770028 -0.000403683 
5.751692 -0.000758124 -0.000422483 
5.765463 -0.000745787 -0.000440918 
5.779234 -0.000733029 -0.00045898 
5.793005 -0.000719859 -0.00047666 
5.806776 -0.000706291 -0.00049395 
5.820547 -0.000692334 -0.000510841 
5.834319 -0.000678002 -0.000527326 
5.848090 -0.000663304 -0.000543398 
5.861861 -0.000648254 -0.000559049 
5.875632 -0.000632864 -0.000574273 
5.889403 -0.000617144 -0.000589063 
5.903174 -0.000601108 -0.000603413 
5.916945 -0.000584768 -0.000617318 
5.930716 -0.000568135 -0.000630773 
5.944487 -0.000551223 -0.000643771 
5.958258 -0.000534043 -0.000656308 
5.972029 -0.000516608 -0.000668381 
5.985800 -0.000498931 -0.000679984 
5.999571 -0.000481023 -0.000691114 
6.013342 -0.000462897 -0.000701767 
6.027113 -0.000444567 -0.00071194 
6.040884 -0.000426043 -0.000721631 
6.054655 -0.00040734 -0.000730837 
6.068427 -0.000388468 -0.000739555 
6.082198 -0.000369442 -0.000747784 
6.095969 -0.000350273 -0.000755521 
6.109740 -0.000330973 -0.000762767 
6.123511 -0.000311556 -0.000769519 
6.137282 -0.000292032 -0.000775776 
6.151053 -0.000272416 -0.000781539 
6.164824 -0.000252718 -0.000786808 
6.178595 -0.000232952 -0.000791581 
6.192366 -0.000213128 -0.000795861 
6.206137 -0.00019326 -0.000799647 
6.219908 -0.00017336 -0.00080294 
6.233679 -0.000153438 -0.000805742 
6.247450 -0.000133507 -0.000808054 
6.261221 -0.000113579 -0.000809879 
6.274992 -9.36643e-05 -0.000811217 
6.288763 -7.37757e-05 -0.000812072 
6.302534 -5.3924e-05 -0.000812445 
6.316306 -3.41205e-05 -0.00081234 
6.330077 -1.43764e-05 -0.00081176 
6.343848 5.29749e-06 -0.000810708 
6.357619 2.48902e-05 -0.000809187 
6.371390 4.43909e-05 -0.000807202 
6.385161 6.37892e-05 -0.000804756 
6.398932 8.30745e-05 -0.000801854 
6.412703 0.000102237 -0.0007985 
6.426474 0.000121265 -0.000794698 
6.440245 0.000140151 -0.000790454 
6.454016 0.000158883 -0.000785772 
6.467787 0.000177452 -0.000780658 
6.481558 0.00019585 -0.000775117 
6.495329 0.000214065 -0.000769155 
6.509100 0.00023209 -0.000762778 
6.522871 0.000249915 -0.000755992 
6.536642 0.000267531 -0.000748803 
6.550414 0.00028493 -0.000741217 
6.564185 0.000302104 -0.000733241 
6.577956 0.000319044 -0.000724881 
6.591727 0.000335742 -0.000716145 
6.605498 0.000352191 -0.000707039 
6.619269 0.000368382 -0.000697571 
6.633040 0.000384309 -0.000687748 
6.646811 0.000399963 -0.000677577 
6.660582 0.000415339 -0.000667065 
6.674353 0.000430428 -0.000656221 
6.688124 0.000445225 -0.000645053 
6.701895 0.000459723 -0.000633567 
6.715666 0.000473916 -0.000621773 
6.729437 0.000487798 -0.000609678 
6.743208 0.000501362 -0.00059729 
6.756979 0.000514605 -0.000584618 
6.770750 0.000527519 -0.00057167 
6.784521 0.0005401 -0.000558456 
6.798293 0.000552342 -0.000544982 
6.812064 0.000564242 -0.000531258 
6.825835 0.000575795 -0.000517293 
6.839606 0.000586996 -0.000503095 
6.853377 0.000597841 -0.000488673 
6.867148 0.000608326 -0.000474037 
6.880919 0.000618448 -0.000459194 
6.894690 0.000628204 -0.000444154 
6.908461 0.000637589 -0.000428926 
6.922232 0.000646601 -0.000413519 
6.936003 0.000655237 -0.000397943 
6.949774 0.000663495 -0.000382205 
6.963545 0.000671372 -0.000366316 
6.977316 0.000678866 -0.000350284 
6.991087 0.000685975 -0.000334118 
7.004858 0.000692698 -0.000317828 
7.018629 0.000699032 -0.000301423 
7.032401 0.000704976 -0.000284912 
7.046172 0.00071053 -0.000268304 
7.059943 0.000715693 -0.000251608 
7.073714 0.000720463 -0.000234833 
7.087485 0.00072484 -0.000217988 
7.101256 0.000728824 -0.000201083 
7.115027 0.000732415 -0.000184127 
7.128798 0.000735612 -0.000167127 
7.142569 0.000738417 -0.000150094 
7.156340 0.00074083 -0.000133037 
7.170111 0.000742851 -0.000115963 
7.183882 0.000744481 -9.88821e-05 
7.197653 0.000745721 -8.18028e-05 
7.211424 0.000746573 -6.47339e-05 
7.225195 0.000747038 -4.76839e-05 
7.238966 0.000747118 -3.06614e-05 
7.252737 0.000746814 -1.36748e-05 
7.266508 0.000746129 3.26726e-06 
7.280280 0.000745064 2.01566e-05 
7.294051 0.000743621 3.69849e-05 
7.307822 0.000741805 5.37441e-05 
7.321593 0.000739616 7.04259e-05 
7.335364 0.000737058 8.70225e-05 
7.349135 0.000734135 0.000103526 
7.362906 0.000730848 0.000119928 
7.376677 0.000727202 0.000136222 
7.390448 0.000723199 0.000152399 
7.404219 0.000718844 0.000168452 
7.417990 0.00071414 0.000184374 
7.431761 0.000709092 0.000200158 
7.445532 0.000703703 0.000215795 
7.459303 0.000697977 0.00023128 
7.473074 0.000691919 0.000246605 
7.486845 0.000685533 0.000261764 
7.500616 0.000678825 0.000276749 
7.514388 0.000671797 0.000291554 
7.528159 0.000664457 0.000306173 
7.541930 0.000656808 0.000320599 
7.555701 0.000648855 0.000334826 
7.569472 0.000640604 0.000348849 
7.583243 0.000632061 0.00036266 
7.597014 0.000623229 0.000376255 
7.610785 0.000614116 0.000389627 
7.624556 0.000604727 0.000402772 
7.638327 0.000595067 0.000415683 
7.652098 0.000585143 0.000428356 
7.665869 0.000574959 0.000440785 
7.679640 0.000564523 0.000452966 
7.693411 0.000553841 0.000464894 
7.707182 0.000542918 0.000476563 
7.720953 0.00053176 0.00048797 
7.734724 0.000520375 0.00049911 
7.748495 0.000508768 0.000509979 
7.762267 0.000496947 0.000520573 
7.776038 0.000484916 0.000530888 
7.789809 0.000472684 0.00054092 
7.803580 0.000460257 0.000550666 
7.817351 0.000447641 0.000560122 
7.831122 0.000434844 0.000569285 
7.844893 0.000421871 0.000578151 
7.858664 0.00040873 0.000586719 
7.872435 0.000395428 0.000594984 
7.886206 0.000381972 0.000602945 
7.899977 0.000368368 0.000610599 
7.913748 0.000354625 0.000617943 
7.927519 0.000340747 0.000624975 
7.941290 0.000326744 0.000631693 
7.955061 0.000312621 0.000638096 
7.968832 0.000298386 0.000644181 
7.982603 0.000284045 0.000649947 
7.996375 0.000269607 0.000655393 
8.010146 0.000255078 0.000660517 
8.023917 0.000240465 0.000665318 
8.037688 0.000225776 0.000669795 
8.051459 0.000211016 0.000673948 
8.065230 0.000196195 0.000677776 
8.079001 0.000181317 0.000681277 
8.092772 0.000166392 0.000684453 
8.106543 0.000151425 0.000687302 
8.120314 0.000136424 0.000689825 
8.134085 0.000121396 0.000692021 
8.147856 0.000106348 0.000693892 
8.161627 9.12861e-05 0.000695436 
8.175398 7.62182e-05 0.000696656 
8.189169 6.11508e-05 0.000697551 
8.202940 4.6091e-05 0.000698122 
8.216711 3.10455e-05 0.00069837 
8.230482 1.60211e-05 0.000698297 
8.244254 1.02449e-06 0.000697904 
8.258025 -1.39375e-05 0.000697191 
8.271796 -2.88583e-05 0.000696161 
8.285567 -4.37313e-05 0.000694814 
8.299338 -5.85499e-05 0.000693154 
8.313109 -7.33077e-05 0.000691181 
8.326880 -8.79982e-05 0.000688899 
8.340651 -0.000102615 0.000686308 
8.354422 -0.000117152 0.000683411 
8.368193 -0.000131603 0.000680211 
8.381964 -0.000145961 0.00067671 
8.395735 -0.000160221 0.000672911 
8.409506 -0.000174376 0.000668816 
8.423277 -0.000188421 0.000664429 
8.437048 -0.00020235 0.000659752 
8.450819 -0.000216157 0.000654789 
8.464590 -0.000229835 0.000649542 
8.478362 -0.000243381 0.000644016 
8.492133 -0.000256787 0.000638213 
8.505904 -0.000270049 0.000632137 
8.519675 -0.000283161 0.000625792 
8.533446 -0.000296118 0.000619181 
8.547217 -0.000308915 0.000612309 
8.560988 -0.000321546 0.000605179 
8.574759 -0.000334007 0.000597795 
8.588530 -0.000346293 0.000590161 
8.602301 -0.000358398 0.000582282 
8.616072 -0.000370319 0.000574162 
8.629843 -0.000382051 0.000565805 
8.643614 -0.000393589 0.000557216 
8.657385 -0.000404928 0.000548399 
8.671156 -0.000416065 0.000539359 
8.684927 -0.000426995 0.000530101 
8.698698 -0.000437715 0.000520629 
8.712469 -0.00044822 0.000510948 
8.726241 -0.000458506 0.000501063 
8.740012 -0.00046857 0.000490979 
8.753783 -0.000478408 0.000480701 
8.767554 -0.000488016 0.000470235 
8.781325 -0.000497392 0.000459584 
8.795096 -0.000506531 0.000448755 
8.808867 -0.000515431 0.000437753 
8.822638 -0.000524089 0.000426583 
8.836409 -0.000532502 0.00041525 
8.850180 -0.000540666 0.00040376 
8.863951 -0.000548579 0.000392119 
8.877722 -0.000556239 0.000380331 
8.891493 -0.000563643 0.000368402 
8.905264 -0.000570789 0.000356339 
8.919035 -0.000577675 0.000344145 
8.932806 -0.000584297 0.000331828 
8.946577 -0.000590656 0.000319392 
8.960349 -0.000596747 0.000306844 
8.974120 -0.000602571 0.000294188 
8.987891 -0.000608124 0.000281432 
9.001662 -0.000613406 0.000268579 
9.015433 -0.000618416 0.000255638 
9.029204 -0.000623151 0.000242612 
9.042975 -0.000627612 0.000229507 
9.056746 -0.000631796 0.000216331 
9.070517 -0.000635703 0.000203087 
9.084288 -0.000639332 0.000189783 
9.098059 -0.000642682 0.000176424 
9.111830 -0.000645753 0.000163015 
9.125601 -0.000648545 0.000149563 
9.139372 -0.000651056 0.000136073 
9.153143 -0.000653288 0.000122551 
9.166914 -0.000655239 0.000109003 
9.180685 -0.00065691 9.5434e-05 
9.194456 -0.000658301 8.18506e-05 
9.208228 -0.000659412 6.82582e-05 
9.221999 -0.000660244 5.46625e-05 
9.235770 -0.000660797 4.10691e-05 
9.249541 -0.000661071 2.74837e-05 
9.263312 -0.000661068 1.39119e-05 
9.277083 -0.000660788 3.59357e-07 
9.290854 -0.000660232 -1.31684e-05 
9.304625 -0.000659402 -2.66659e-05 
9.318396 -0.000658297 -4.01276e-05 
9.332167 -0.000656921 -5.3548e-05 
9.345938 -0.000655273 -6.69218e-05 
9.359709 -0.000653355 -8.02434e-05 
9.373480 -0.00065117 -9.35076e-05 
9.387251 -0.000648718 -0.000106709 
9.401022 -0.000646001 -0.000119843 
9.414793 -0.000643022 -0.000132903 
9.428564 -0.000639782 -0.000145885 
9.442336 -0.000636283 -0.000158784 
9.456107 -0.000632528 -0.000171594 
9.469878 -0.000628518 -0.000184311 
9.483649 -0.000624257 -0.000196929 
9.497420 -0.000619746 -0.000209445 
9.511191 -0.000614988 -0.000221852 
9.524962 -0.000609986 -0.000234146 
9.538733 -0.000604742 -0.000246323 
9.552504 -0.00059926 -0.000258377 
9.566275 -0.000593541 -0.000270305 
9.580046 -0.00058759 -0.000282102 
9.593817 -0.000581409 -0.000293763 
9.607588 -0.000575002 -0.000305285 
9.621359 -0.00056837 -0.000316662 
9.635130 -0.000561519 -0.00032789 
9.648901 -0.000554451 -0.000338966 
9.662672 -0.000547169 -0.000349886 
9.676443 -0.000539678 -0.000360644 
9.690215 -0.00053198 -0.000371239 
9.703986 -0.000524079 -0.000381665 
9.717757 -0.00051598 -0.000391919 
9.731528 -0.000507685 -0.000401997 
9.745299 -0.0004992 -0.000411896 
9.759070 -0.000490526 -0.000421612 
9.772841 -0.00048167 -0.000431143 
9.786612 -0.000472634 -0.000440483 
9.800383 -0.000463422 -0.000449631 
9.814154 -0.00045404 -0.000458584 
9.827925 -0.000444491 -0.000467337 
9.841696 -0.000434778 -0.000475888 
9.855467 -0.000424908 -0.000484235 
9.869238 -0.000414883 -0.000492374 
9.883009 -0.000404709 -0.000500303 
9.896780 -0.000394389 -0.00050802 
9.910551 -0.000383928 -0.00051552 
9.924323 -0.000373331 -0.000522804 
9.938094 -0.000362603 -0.000529867 
9.951865 -0.000351747 -0.000536708 
9.965636 -0.000340768 -0.000543324 
