14.487500 -0.000425911 0.000507781 
14.501271 -0.000434798 0.000499973 
14.515042 -0.00044354 0.000492013 
14.528813 -0.000452135 0.000483901 
14.542584 -0.00046058 0.000475642 
14.556355 -0.000468873 0.000467238 
14.570126 -0.00047701 0.000458692 
14.583897 -0.00048499 0.000450006 
14.597668 -0.000492811 0.000441184 
14.611440 -0.00050047 0.000432229 
14.625211 -0.000507965 0.000423143 
14.638982 -0.000515293 0.00041393 
14.652753 -0.000522453 0.000404592 
14.666524 -0.000529442 0.000395133 
14.680295 -0.00053626 0.000385556 
14.694066 -0.000542902 0.000375864 
14.707837 -0.000549369 0.00036606 
14.721608 -0.000555657 0.000356147 
14.735379 -0.000561765 0.000346129 
14.749150 -0.000567692 0.000336009 
14.762921 -0.000573436 0.00032579 
14.776692 -0.000578994 0.000315476 
14.790463 -0.000584367 0.00030507 
14.804234 -0.000589551 0.000294575 
14.818005 -0.000594547 0.000283994 
14.831776 -0.000599351 0.000273332 
14.845547 -0.000603964 0.000262591 
14.859319 -0.000608384 0.000251775 
14.873090 -0.000612609 0.000240888 
14.886861 -0.000616639 0.000229933 
14.900632 -0.000620473 0.000218913 
14.914403 -0.000624109 0.000207832 
14.928174 -0.000627548 0.000196693 
14.941945 -0.000630786 0.000185501 
14.955716 -0.000633825 0.000174258 
14.969487 -0.000636664 0.000162968 
14.983258 -0.000639301 0.000151635 
14.997029 -0.000641736 0.000140262 
15.010800 -0.000643969 0.000128854 
15.024571 -0.000645999 0.000117412 
15.038342 -0.000647825 0.000105942 
15.052113 -0.000649448 9.44471e-05 
15.065884 -0.000650867 8.29301e-05 
15.079655 -0.000652082 7.13951e-05 
15.093427 -0.000653093 5.98456e-05 
15.107198 -0.000653899 4.82852e-05 
15.120969 -0.000654501 3.67176e-05 
15.134740 -0.000654899 2.51464e-05 
15.148511 -0.000655092 1.35751e-05 
15.162282 -0.000655081 2.00741e-06 
15.176053 -0.000654866 -9.55318e-06 
15.189824 -0.000654448 -2.11031e-05 
15.203595 -0.000653827 -3.26387e-05 
15.217366 -0.000653003 -4.41564e-05 
15.231137 -0.000651976 -5.56528e-05 
15.244908 -0.000650748 -6.71242e-05 
15.258679 -0.000649319 -7.85673e-05 
15.272450 -0.000647689 -8.99783e-05 
15.286221 -0.000645859 -0.000101354 
15.299992 -0.000643831 -0.000112691 
15.313763 -0.000641604 -0.000123985 
15.327534 -0.00063918 -0.000135234 
15.341306 -0.00063656 -0.000146433 
15.355077 -0.000633744 -0.000157579 
15.368848 -0.000630734 -0.00016867 
15.382619 -0.000627531 -0.000179701 
15.396390 -0.000624137 -0.00019067 
15.410161 -0.000620551 -0.000201572 
15.423932 -0.000616777 -0.000212405 
15.437703 -0.000612814 -0.000223166 
15.451474 -0.000608665 -0.000233851 
15.465245 -0.000604331 -0.000244456 
15.479016 -0.000599814 -0.00025498 
15.492787 -0.000595114 -0.000265418 
15.506558 -0.000590234 -0.000275768 
15.520329 -0.000585176 -0.000286026 
15.534100 -0.000579941 -0.00029619 
15.547871 -0.00057453 -0.000306256 
15.561642 -0.000568947 -0.000316222 
15.575414 -0.000563192 -0.000326084 
15.589185 -0.000557267 -0.000335839 
15.602956 -0.000551176 -0.000345485 
15.616727 -0.000544919 -0.000355019 
15.630498 -0.000538498 -0.000364438 
15.644269 -0.000531917 -0.00037374 
15.658040 -0.000525176 -0.000382921 
15.671811 -0.000518279 -0.000391978 
15.685582 -0.000511227 -0.00040091 
15.699353 -0.000504023 -0.000409714 
15.713124 -0.00049667 -0.000418387 
15.726895 -0.000489169 -0.000426926 
15.740666 -0.000481523 -0.00043533 
15.754437 -0.000473734 -0.000443595 
15.768208 -0.000465806 -0.000451719 
15.781979 -0.00045774 -0.0004597 
15.795750 -0.000449539 -0.000467537 
15.809521 -0.000441207 -0.000475225 
15.823293 -0.000432744 -0.000482764 
15.837064 -0.000424155 -0.000490151 
15.850835 -0.000415442 -0.000497384 
15.864606 -0.000406607 -0.000504461 
15.878377 -0.000397655 -0.00051138 
15.892148 -0.000388586 -0.000518139 
15.905919 -0.000379405 -0.000524736 
15.919690 -0.000370113 -0.000531169 
15.933461 -0.000360715 -0.000537437 
15.947232 -0.000351213 -0.000543538 
15.961003 -0.00034161 -0.00054947 
15.974774 -0.000331909 -0.000555231 
15.988545 -0.000322112 -0.000560821 
16.002316 -0.000312224 -0.000566236 
16.016087 -0.000302247 -0.000571477 
16.029858 -0.000292185 -0.000576541 
16.043629 -0.00028204 -0.000581428 
16.057401 -0.000271815 -0.000586135 
16.071172 -0.000261514 -0.000590662 
16.084943 -0.00025114 -0.000595007 
16.098714 -0.000240697 -0.000599169 
16.112485 -0.000230186 -0.000603148 
16.126256 -0.000219612 -0.000606942 
16.140027 -0.000208978 -0.00061055 
16.153798 -0.000198287 -0.000613972 
16.167569 -0.000187543 -0.000617206 
16.181340 -0.000176748 -0.000620251 
16.195111 -0.000165906 -0.000623108 
16.208882 -0.00015502 -0.000625775 
16.222653 -0.000144094 -0.000628251 
16.236424 -0.000133131 -0.000630537 
16.250195 -0.000122134 -0.000632631 
16.263966 -0.000111106 -0.000634533 
16.277737 -0.000100052 -0.000636243 
16.291508 -8.89737e-05 -0.000637761 
16.305280 -7.78751e-05 -0.000639085 
16.319051 -6.67595e-05 -0.000640217 
16.332822 -5.56302e-05 -0.000641155 
16.346593 -4.44906e-05 -0.000641901 
16.360364 -3.3344e-05 -0.000642452 
16.374135 -2.21937e-05 -0.000642811 
16.387906 -1.10432e-05 -0.000642976 
16.401677 1.04301e-07 -0.000642948 
16.415448 1.12454e-05 -0.000642727 
16.429219 2.23768e-05 -0.000642313 
16.442990 3.34952e-05 -0.000641707 
16.456761 4.45972e-05 -0.000640909 
16.470532 5.56796e-05 -0.00063992 
16.484303 6.67391e-05 -0.000638739 
16.498074 7.77723e-05 -0.000637368 
16.511845 8.87761e-05 -0.000635806 
16.525616 9.97471e-05 -0.000634056 
16.539388 0.000110682 -0.000632116 
16.553159 0.000121578 -0.000629989 
16.566930 0.000132431 -0.000627675 
16.580701 0.000143239 -0.000625174 
16.594472 0.000153998 -0.000622488 
16.608243 0.000164705 -0.000619618 
16.622014 0.000175357 -0.000616564 
16.635785 0.000185951 -0.000613329 
16.649556 0.000196483 -0.000609912 
16.663327 0.000206951 -0.000606315 
16.677098 0.000217352 -0.000602539 
16.690869 0.000227682 -0.000598586 
16.704640 0.000237939 -0.000594457 
16.718411 0.000248119 -0.000590153 
16.732182 0.000258219 -0.000585676 
16.745953 0.000268238 -0.000581027 
16.759724 0.000278171 -0.000576208 
16.773495 0.000288016 -0.00057122 
16.787267 0.00029777 -0.000566066 
16.801038 0.000307431 -0.000560745 
16.814809 0.000316995 -0.000555262 
16.828580 0.000326459 -0.000549616 
16.842351 0.000335822 -0.000543811 
16.856122 0.00034508 -0.000537847 
16.869893 0.000354231 -0.000531727 
16.883664 0.000363272 -0.000525452 
16.897435 0.0003722 -0.000519025 
16.911206 0.000381013 -0.000512448 
16.924977 0.000389709 -0.000505723 
16.938748 0.000398285 -0.000498852 
16.952519 0.000406738 -0.000491837 
16.966290 0.000415067 -0.000484679 
16.980061 0.000423268 -0.000477383 
16.993832 0.00043134 -0.000469949 
17.007603 0.000439281 -0.00046238 
17.021375 0.000447087 -0.000454679 
17.035146 0.000454757 -0.000446848 
17.048917 0.000462289 -0.000438888 
17.062688 0.000469681 -0.000430804 
17.076459 0.00047693 -0.000422596 
17.090230 0.000484035 -0.000414269 
17.104001 0.000490993 -0.000405823 
17.117772 0.000497803 -0.000397262 
17.131543 0.000504463 -0.000388589 
17.145314 0.000510971 -0.000379806 
17.159085 0.000517325 -0.000370916 
17.172856 0.000523524 -0.000361921 
17.186627 0.000529565 -0.000352824 
17.200398 0.000535447 -0.000343628 
17.214169 0.00054117 -0.000334336 
17.227940 0.00054673 -0.000324951 
17.241711 0.000552126 -0.000315475 
17.255482 0.000557358 -0.000305911 
17.269254 0.000562424 -0.000296262 
17.283025 0.000567322 -0.000286531 
17.296796 0.000572051 -0.000276721 
17.310567 0.00057661 -0.000266835 
17.324338 0.000580997 -0.000256876 
17.338109 0.000585212 -0.000246847 
17.351880 0.000589253 -0.00023675 
17.365651 0.00059312 -0.000226589 
17.379422 0.000596811 -0.000216367 
17.393193 0.000600326 -0.000206087 
17.406964 0.000603663 -0.000195751 
17.420735 0.000606822 -0.000185364 
17.434506 0.000609802 -0.000174928 
17.448277 0.000612603 -0.000164445 
17.462048 0.000615223 -0.00015392 
17.475819 0.000617661 -0.000143355 
17.489590 0.000619919 -0.000132754 
17.503362 0.000621994 -0.000122119 
17.517133 0.000623887 -0.000111454 
17.530904 0.000625597 -0.000100761 
17.544675 0.000627123 -9.0045e-05 
17.558446 0.000628466 -7.93075e-05 
17.572217 0.000629626 -6.85522e-05 
17.585988 0.000630601 -5.77823e-05 
17.599759 0.000631392 -4.70008e-05 
17.613530 0.000631999 -3.6211e-05 
17.627301 0.000632422 -2.54159e-05 
17.641072 0.00063266 -1.46187e-05 
17.654843 0.000632715 -3.82252e-06 
17.668614 0.000632585 6.9695e-06 
17.682385 0.000632272 1.77542e-05 
17.696156 0.000631775 2.85286e-05 
17.709927 0.000631095 3.92894e-05 
17.723698 0.000630232 5.00335e-05 
17.737469 0.000629186 6.0758e-05 
17.751241 0.000627959 7.14597e-05 
17.765012 0.000626549 8.21354e-05 
17.778783 0.000624959 9.27822e-05 
17.792554 0.000623189 0.000103397 
17.806325 0.000621238 0.000113977 
17.820096 0.000619109 0.000124518 
17.833867 0.000616801 0.000135019 
17.847638 0.000614316 0.000145475 
17.861409 0.000611654 0.000155885 
17.875180 0.000608817 0.000166244 
17.888951 0.000605804 0.00017655 
17.902722 0.000602618 0.0001868 
17.916493 0.00059926 0.000196992 
17.930264 0.00059573 0.000207121 
17.944035 0.000592029 0.000217187 
17.957806 0.000588159 0.000227184 
17.971577 0.000584121 0.000237111 
17.985349 0.000579917 0.000246966 
17.999120 0.000575547 0.000256744 
18.012891 0.000571013 0.000266444 
18.026662 0.000566316 0.000276062 
18.040433 0.000561459 0.000285596 
18.054204 0.000556442 0.000295044 
18.067975 0.000551267 0.000304402 
18.081746 0.000545936 0.000313668 
18.095517 0.00054045 0.00032284 
18.109288 0.000534811 0.000331914 
18.123059 0.000529021 0.000340889 
18.136830 0.000523081 0.000349761 
18.150601 0.000516994 0.000358529 
18.164372 0.000510761 0.00036719 
18.178143 0.000504384 0.000375741 
18.191914 0.000497865 0.00038418 
18.205685 0.000491206 0.000392505 
18.219456 0.000484409 0.000400714 
18.233228 0.000477476 0.000408804 
18.246999 0.000470409 0.000416773 
18.260770 0.000463211 0.000424619 
18.274541 0.000455883 0.000432339 
18.288312 0.000448427 0.000439932 
18.302083 0.000440847 0.000447396 
18.315854 0.000433143 0.000454728 
18.329625 0.000425319 0.000461926 
18.343396 0.000417377 0.000468989 
18.357167 0.000409319 0.000475915 
18.370938 0.000401148 0.000482701 
18.384709 0.000392865 0.000489346 
18.398480 0.000384474 0.000495848 
18.412251 0.000375976 0.000502206 
18.426022 0.000367375 0.000508417 
18.439793 0.000358673 0.00051448 
18.453564 0.000349872 0.000520393 
18.467336 0.000340976 0.000526156 
18.481107 0.000331986 0.000531765 
18.494878 0.000322905 0.00053722 
18.508649 0.000313736 0.00054252 
18.522420 0.000304481 0.000547663 
18.536191 0.000295144 0.000552647 
18.549962 0.000285727 0.000557471 
18.563733 0.000276233 0.000562135 
18.577504 0.000266664 0.000566636 
18.591275 0.000257023 0.000570974 
18.605046 0.000247314 0.000575147 
18.618817 0.000237538 0.000579155 
18.632588 0.000227699 0.000582997 
18.646359 0.000217799 0.000586671 
18.660130 0.000207842 0.000590176 
18.673901 0.00019783 0.000593513 
18.687672 0.000187766 0.000596679 
18.701443 0.000177653 0.000599674 
18.715215 0.000167494 0.000602498 
18.728986 0.000157292 0.000605149 
18.742757 0.00014705 0.000607627 
18.756528 0.00013677 0.000609932 
18.770299 0.000126456 0.000612063 
18.784070 0.000116111 0.00061402 
18.797841 0.000105737 0.000615801 
18.811612 9.53374e-05 0.000617407 
18.825383 8.49153e-05 0.000618838 
18.839154 7.44737e-05 0.000620092 
18.852925 6.40153e-05 0.000621171 
18.866696 5.35433e-05 0.000622073 
18.880467 4.30606e-05 0.000622798 
18.894238 3.25701e-05 0.000623348 
18.908009 2.20748e-05 0.00062372 
18.921780 1.15778e-05 0.000623916 
18.935551 1.08185e-06 0.000623936 
18.949323 -9.40995e-06 0.000623779 
18.963094 -1.98947e-05 0.000623446 
18.976865 -3.03694e-05 0.000622937 
18.990636 -4.08311e-05 0.000622252 
