9.975000 -0.000333235 -0.000547694 
9.988771 -0.000322061 -0.000553929 
10.002542 -0.000310777 -0.000559935 
10.016313 -0.000299388 -0.000565709 
10.030084 -0.000287898 -0.000571249 
10.043855 -0.000276312 -0.000576555 
10.057626 -0.000264635 -0.000581625 
10.071397 -0.000252872 -0.000586458 
10.085168 -0.000241027 -0.000591051 
10.098940 -0.000229106 -0.000595405 
10.112711 -0.000217113 -0.000599517 
10.126482 -0.000205053 -0.000603387 
10.140253 -0.000192931 -0.000607014 
10.154024 -0.000180752 -0.000610397 
10.167795 -0.00016852 -0.000613535 
10.181566 -0.000156242 -0.000616428 
10.195337 -0.00014392 -0.000619075 
10.209108 -0.000131562 -0.000621476 
10.222879 -0.00011917 -0.000623631 
10.236650 -0.000106751 -0.000625539 
10.250421 -9.43087e-05 -0.0006272 
10.264192 -8.18484e-05 -0.000628614 
10.277963 -6.93749e-05 -0.000629781 
10.291734 -5.6893e-05 -0.000630701 
10.305505 -4.44076e-05 -0.000631374 
10.319276 -3.19236e-05 -0.000631802 
10.333047 -1.94456e-05 -0.000631983 
10.346819 -6.97856e-06 -0.00063192 
10.360590 5.47282e-06 -0.000631612 
10.374361 1.79038e-05 -0.000631059 
10.388132 3.03096e-05 -0.000630264 
10.401903 4.26855e-05 -0.000629226 
10.415674 5.5027e-05 -0.000627947 
10.429445 6.73292e-05 -0.000626428 
10.443216 7.95877e-05 -0.000624669 
10.456987 9.17978e-05 -0.000622673 
10.470758 0.000103955 -0.00062044 
10.484529 0.000116055 -0.000617972 
10.498300 0.000128093 -0.00061527 
10.512071 0.000140064 -0.000612336 
10.525842 0.000151965 -0.000609171 
10.539613 0.00016379 -0.000605778 
10.553384 0.000175536 -0.000602157 
10.567155 0.000187199 -0.000598312 
10.580927 0.000198773 -0.000594244 
10.594698 0.000210255 -0.000589954 
10.608469 0.000221641 -0.000585446 
10.622240 0.000232927 -0.000580721 
10.636011 0.000244108 -0.000575781 
10.649782 0.000255181 -0.00057063 
10.663553 0.000266141 -0.000565268 
10.677324 0.000276985 -0.0005597 
10.691095 0.000287709 -0.000553927 
10.704866 0.000298309 -0.000547952 
10.718637 0.000308782 -0.000541777 
10.732408 0.000319123 -0.000535407 
10.746179 0.00032933 -0.000528842 
10.759950 0.000339398 -0.000522087 
10.773721 0.000349325 -0.000515143 
10.787492 0.000359106 -0.000508015 
10.801263 0.000368739 -0.000500705 
10.815034 0.00037822 -0.000493217 
10.828806 0.000387545 -0.000485553 
10.842577 0.000396713 -0.000477717 
10.856348 0.000405719 -0.000469711 
10.870119 0.000414561 -0.000461541 
10.883890 0.000423236 -0.000453208 
10.897661 0.000431741 -0.000444716 
10.911432 0.000440072 -0.00043607 
10.925203 0.000448229 -0.000427271 
10.938974 0.000456206 -0.000418325 
10.952745 0.000464003 -0.000409234 
10.966516 0.000471617 -0.000400002 
10.980287 0.000479045 -0.000390633 
10.994058 0.000486284 -0.000381131 
11.007829 0.000493333 -0.000371499 
11.021600 0.00050019 -0.000361742 
11.035371 0.000506851 -0.000351863 
11.049142 0.000513316 -0.000341866 
11.062914 0.000519582 -0.000331755 
11.076685 0.000525647 -0.000321534 
11.090456 0.00053151 -0.000311207 
11.104227 0.000537169 -0.000300778 
11.117998 0.000542621 -0.000290252 
11.131769 0.000547866 -0.000279631 
11.145540 0.000552902 -0.00026892 
11.159311 0.000557728 -0.000258124 
11.173082 0.000562342 -0.000247246 
11.186853 0.000566742 -0.000236291 
11.200624 0.000570929 -0.000225263 
11.214395 0.0005749 -0.000214166 
11.228166 0.000578655 -0.000203003 
11.241937 0.000582193 -0.000191781 
11.255708 0.000585513 -0.000180501 
11.269479 0.000588613 -0.00016917 
11.283250 0.000591495 -0.000157791 
11.297021 0.000594156 -0.000146367 
11.310793 0.000596596 -0.000134905 
11.324564 0.000598815 -0.000123407 
11.338335 0.000600813 -0.000111878 
11.352106 0.000602588 -0.000100323 
11.365877 0.000604142 -8.87446e-05 
11.379648 0.000605474 -7.71483e-05 
11.393419 0.000606583 -6.55379e-05 
11.407190 0.000607471 -5.39178e-05 
11.420961 0.000608136 -4.22922e-05 
11.434732 0.000608579 -3.06651e-05 
11.448503 0.000608801 -1.9041e-05 
11.462274 0.000608802 -7.42384e-06 
11.476045 0.000608581 4.18207e-06 
11.489816 0.000608141 1.57726e-05 
11.503587 0.000607481 2.73436e-05 
11.517358 0.000606602 3.8891e-05 
11.531129 0.000605504 5.04106e-05 
11.544901 0.000604189 6.18984e-05 
11.558672 0.000602657 7.33503e-05 
11.572443 0.00060091 8.47622e-05 
11.586214 0.000598948 9.61302e-05 
11.599985 0.000596773 0.00010745 
11.613756 0.000594385 0.000118718 
11.627527 0.000591786 0.000129931 
11.641298 0.000588978 0.000141083 
11.655069 0.000585961 0.000152172 
11.668840 0.000582737 0.000163194 
11.682611 0.000579308 0.000174144 
11.696382 0.000575675 0.000185019 
11.710153 0.00057184 0.000195815 
11.723924 0.000567805 0.000206529 
11.737695 0.000563571 0.000217157 
11.751466 0.000559141 0.000227695 
11.765237 0.000554516 0.000238139 
11.779008 0.000549698 0.000248487 
11.792780 0.00054469 0.000258735 
11.806551 0.000539493 0.000268878 
11.820322 0.00053411 0.000278915 
11.834093 0.000528543 0.000288841 
11.847864 0.000522794 0.000298653 
11.861635 0.000516865 0.000308347 
11.875406 0.00051076 0.000317922 
11.889177 0.00050448 0.000327373 
11.902948 0.000498028 0.000336697 
11.916719 0.000491406 0.000345892 
11.930490 0.000484618 0.000354954 
11.944261 0.000477666 0.00036388 
11.958032 0.000470553 0.000372667 
11.971803 0.00046328 0.000381314 
11.985574 0.000455853 0.000389816 
11.999345 0.000448272 0.000398171 
12.013116 0.000440542 0.000406377 
12.026888 0.000432664 0.00041443 
12.040659 0.000424643 0.000422328 
12.054430 0.000416481 0.00043007 
12.068201 0.000408181 0.000437651 
12.081972 0.000399746 0.000445071 
12.095743 0.000391181 0.000452326 
12.109514 0.000382486 0.000459415 
12.123285 0.000373668 0.000466335 
12.137056 0.000364727 0.000473083 
12.150827 0.000355668 0.000479659 
12.164598 0.000346494 0.00048606 
12.178369 0.000337209 0.000492284 
12.192140 0.000327815 0.000498329 
12.205911 0.000318317 0.000504194 
12.219682 0.000308718 0.000509876 
12.233453 0.000299021 0.000515375 
12.247224 0.00028923 0.000520687 
12.260995 0.000279348 0.000525813 
12.274767 0.000269379 0.00053075 
12.288538 0.000259327 0.000535498 
12.302309 0.000249195 0.000540054 
12.316080 0.000238987 0.000544417 
12.329851 0.000228706 0.000548587 
12.343622 0.000218357 0.000552562 
12.357393 0.000207942 0.000556341 
12.371164 0.000197466 0.000559923 
12.384935 0.000186933 0.000563308 
12.398706 0.000176345 0.000566494 
12.412477 0.000165707 0.00056948 
12.426248 0.000155022 0.000572267 
12.440019 0.000144295 0.000574853 
12.453790 0.000133529 0.000577237 
12.467561 0.000122728 0.00057942 
12.481332 0.000111895 0.000581401 
12.495103 0.000101034 0.000583179 
12.508875 9.01499e-05 0.000584755 
12.522646 7.92453e-05 0.000586127 
12.536417 6.83243e-05 0.000587297 
12.550188 5.73908e-05 0.000588263 
12.563959 4.64483e-05 0.000589026 
12.577730 3.55008e-05 0.000589586 
12.591501 2.45519e-05 0.000589943 
12.605272 1.36054e-05 0.000590097 
12.619043 2.66506e-06 0.000590048 
12.632814 -8.26544e-06 0.000589798 
12.646585 -1.91824e-05 0.000589345 
12.660356 -3.00821e-05 0.000588692 
12.674127 -4.09608e-05 0.000587837 
12.687898 -5.18149e-05 0.000586783 
12.701669 -6.26408e-05 0.000585529 
12.715440 -7.34347e-05 0.000584076 
12.729211 -8.41932e-05 0.000582425 
12.742982 -9.49125e-05 0.000580577 
12.756754 -0.000105589 0.000578534 
12.770525 -0.00011622 0.000576295 
12.784296 -0.0001268 0.000573862 
12.798067 -0.000137327 0.000571236 
12.811838 -0.000147798 0.000568418 
12.825609 -0.000158208 0.00056541 
12.839380 -0.000168555 0.000562213 
12.853151 -0.000178835 0.000558828 
12.866922 -0.000189044 0.000555257 
12.880693 -0.00019918 0.000551501 
12.894464 -0.000209238 0.000547561 
12.908235 -0.000219216 0.00054344 
12.922006 -0.000229111 0.000539139 
12.935777 -0.000238919 0.000534659 
12.949548 -0.000248637 0.000530003 
12.963319 -0.000258262 0.000525172 
12.977090 -0.00026779 0.000520168 
12.990862 -0.00027722 0.000514994 
13.004633 -0.000286547 0.00050965 
13.018404 -0.000295769 0.00050414 
13.032175 -0.000304883 0.000498465 
13.045946 -0.000313886 0.000492628 
13.059717 -0.000322775 0.00048663 
13.073488 -0.000331547 0.000480474 
13.087259 -0.0003402 0.000474162 
13.101030 -0.000348731 0.000467697 
13.114801 -0.000357137 0.00046108 
13.128572 -0.000365415 0.000454315 
13.142343 -0.000373563 0.000447404 
13.156114 -0.000381579 0.000440349 
13.169885 -0.00038946 0.000433153 
13.183656 -0.000397203 0.000425819 
13.197427 -0.000404807 0.000418348 
13.211198 -0.000412268 0.000410745 
13.224969 -0.000419585 0.000403011 
13.238741 -0.000426755 0.000395149 
13.252512 -0.000433776 0.000387162 
13.266283 -0.000440647 0.000379054 
13.280054 -0.000447364 0.000370826 
13.293825 -0.000453927 0.000362482 
13.307596 -0.000460332 0.000354025 
13.321367 -0.000466579 0.000345457 
13.335138 -0.000472664 0.000336782 
13.348909 -0.000478588 0.000328003 
13.362680 -0.000484347 0.000319122 
13.376451 -0.00048994 0.000310143 
13.390222 -0.000495366 0.000301069 
13.403993 -0.000500622 0.000291903 
13.417764 -0.000505709 0.000282648 
13.431535 -0.000510623 0.000273308 
13.445306 -0.000515363 0.000263885 
13.459077 -0.000519929 0.000254383 
13.472849 -0.000524319 0.000244805 
13.486620 -0.000528532 0.000235154 
13.500391 -0.000532567 0.000225434 
13.514162 -0.000536422 0.000215647 
13.527933 -0.000540097 0.000205798 
13.541704 -0.000543591 0.00019589 
13.555475 -0.000546902 0.000185925 
13.569246 -0.000550031 0.000175907 
13.583017 -0.000552975 0.00016584 
13.596788 -0.000555735 0.000155727 
13.610559 -0.00055831 0.000145571 
13.624330 -0.000560699 0.000135376 
13.638101 -0.000562901 0.000125145 
13.651872 -0.000564917 0.000114882 
13.665643 -0.000566746 0.000104589 
13.679414 -0.000568387 9.42704e-05 
13.693185 -0.00056984 8.39297e-05 
13.706956 -0.000571106 7.357e-05 
13.720728 -0.000572183 6.31949e-05 
13.734499 -0.000573072 5.28076e-05 
13.748270 -0.000573772 4.24117e-05 
13.762041 -0.000574285 3.20105e-05 
13.775812 -0.000574609 2.16074e-05 
13.789583 -0.000574745 1.12058e-05 
13.803354 -0.000574693 8.09017e-07 
13.817125 -0.000574453 -9.57948e-06 
13.830896 -0.000574027 -1.99564e-05 
13.844667 -0.000573413 -3.03183e-05 
13.858438 -0.000572613 -4.06619e-05 
13.872209 -0.000571628 -5.09838e-05 
13.885980 -0.000570457 -6.12808e-05 
13.899751 -0.000569101 -7.15495e-05 
13.913522 -0.000567561 -8.17866e-05 
13.927293 -0.000565838 -9.19889e-05 
13.941064 -0.000563932 -0.000102153 
13.954836 -0.000561845 -0.000112276 
13.968607 -0.000559577 -0.000122354 
13.982378 -0.000557129 -0.000132385 
13.996149 -0.000554503 -0.000142365 
14.009920 -0.000551699 -0.00015229 
14.023691 -0.000548718 -0.000162158 
14.037462 -0.000545562 -0.000171966 
14.051233 -0.000542232 -0.000181711 
14.065004 -0.000538729 -0.000191389 
14.078775 -0.000535055 -0.000200998 
14.092546 -0.000531211 -0.000210534 
14.106317 -0.000527198 -0.000219995 
14.120088 -0.000523019 -0.000229377 
14.133859 -0.000518673 -0.000238678 
14.147630 -0.000514164 -0.000247894 
14.161401 -0.000509493 -0.000257024 
14.175172 -0.000504661 -0.000266063 
14.188943 -0.00049967 -0.00027501 
14.202715 -0.000494522 -0.000283862 
14.216486 -0.00048922 -0.000292615 
14.230257 -0.000483764 -0.000301268 
14.244028 -0.000478156 -0.000309817 
14.257799 -0.0004724 -0.00031826 
14.271570 -0.000466496 -0.000326594 
14.285341 -0.000460447 -0.000334817 
14.299112 -0.000454255 -0.000342926 
14.312883 -0.000447922 -0.00035092 
14.326654 -0.00044145 -0.000358794 
14.340425 -0.000434842 -0.000366548 
14.354196 -0.000428099 -0.000374179 
14.367967 -0.000421225 -0.000381684 
14.381738 -0.000414221 -0.000389061 
14.395509 -0.00040709 -0.000396309 
14.409280 -0.000399834 -0.000403424 
14.423051 -0.000392456 -0.000410406 
14.436823 -0.000384958 -0.00041725 
14.450594 -0.000377343 -0.000423957 
14.464365 -0.000369614 -0.000430524 
14.478136 -0.000361772 -0.000436948 
