14.487500 1.41832e-06 -3.48102e-06 
14.501271 1.48109e-06 -3.45594e-06 
14.515042 1.54341e-06 -3.42974e-06 
14.528813 1.60524e-06 -3.40241e-06 
14.542584 1.66657e-06 -3.37398e-06 
14.556355 1.72739e-06 -3.34444e-06 
14.570126 1.78767e-06 -3.31382e-06 
14.583897 1.84739e-06 -3.28212e-06 
14.597668 1.90653e-06 -3.24934e-06 
14.611440 1.96507e-06 -3.21551e-06 
14.625211 2.023e-06 -3.18063e-06 
14.638982 2.0803e-06 -3.14471e-06 
14.652753 2.13694e-06 -3.10777e-06 
14.666524 2.19291e-06 -3.06982e-06 
14.680295 2.2482e-06 -3.03087e-06 
14.694066 2.30278e-06 -2.99093e-06 
14.707837 2.35663e-06 -2.95002e-06 
14.721608 2.40975e-06 -2.90814e-06 
14.735379 2.46211e-06 -2.86532e-06 
14.749150 2.51369e-06 -2.82156e-06 
14.762921 2.56448e-06 -2.77689e-06 
14.776692 2.61447e-06 -2.73131e-06 
14.790463 2.66363e-06 -2.68484e-06 
14.804234 2.71196e-06 -2.6375e-06 
14.818005 2.75943e-06 -2.58929e-06 
14.831776 2.80603e-06 -2.54025e-06 
14.845547 2.85175e-06 -2.49037e-06 
14.859319 2.89657e-06 -2.43969e-06 
14.873090 2.94048e-06 -2.3882e-06 
14.886861 2.98346e-06 -2.33594e-06 
14.900632 3.0255e-06 -2.28292e-06 
14.914403 3.06659e-06 -2.22915e-06 
14.928174 3.10671e-06 -2.17466e-06 
14.941945 3.14586e-06 -2.11945e-06 
14.955716 3.18401e-06 -2.06355e-06 
14.969487 3.22116e-06 -2.00698e-06 
14.983258 3.2573e-06 -1.94975e-06 
14.997029 3.29241e-06 -1.89189e-06 
15.010800 3.32648e-06 -1.8334e-06 
15.024571 3.3595e-06 -1.77432e-06 
15.038342 3.39147e-06 -1.71465e-06 
15.052113 3.42237e-06 -1.65442e-06 
15.065884 3.45219e-06 -1.59364e-06 
15.079655 3.48092e-06 -1.53235e-06 
15.093427 3.50856e-06 -1.47054e-06 
15.107198 3.53509e-06 -1.40826e-06 
15.120969 3.56051e-06 -1.3455e-06 
15.134740 3.58481e-06 -1.28231e-06 
15.148511 3.60798e-06 -1.21869e-06 
15.162282 3.63001e-06 -1.15466e-06 
15.176053 3.6509e-06 -1.09025e-06 
15.189824 3.67065e-06 -1.02548e-06 
15.203595 3.68924e-06 -9.60361e-07 
15.217366 3.70667e-06 -8.94922e-07 
15.231137 3.72293e-06 -8.29181e-07 
15.244908 3.73802e-06 -7.63159e-07 
15.258679 3.75194e-06 -6.96878e-07 
15.272450 3.76468e-06 -6.30357e-07 
15.286221 3.77623e-06 -5.63618e-07 
15.299992 3.7866e-06 -4.96683e-07 
15.313763 3.79578e-06 -4.29572e-07 
15.327534 3.80376e-06 -3.62306e-07 
15.341306 3.81055e-06 -2.94907e-07 
15.355077 3.81615e-06 -2.27396e-07 
15.368848 3.82054e-06 -1.59795e-07 
15.382619 3.82374e-06 -9.21234e-08 
15.396390 3.82573e-06 -2.4404e-08 
15.410161 3.82653e-06 4.33422e-08 
15.423932 3.82612e-06 1.11094e-07 
15.437703 3.82451e-06 1.7883e-07 
15.451474 3.82171e-06 2.46529e-07 
15.465245 3.8177e-06 3.1417e-07 
15.479016 3.8125e-06 3.81732e-07 
15.492787 3.8061e-06 4.49193e-07 
15.506558 3.79851e-06 5.16532e-07 
15.520329 3.78972e-06 5.83728e-07 
15.534100 3.77975e-06 6.50761e-07 
15.547871 3.7686e-06 7.17608e-07 
15.561642 3.75626e-06 7.8425e-07 
15.575414 3.74275e-06 8.50666e-07 
15.589185 3.72806e-06 9.16834e-07 
15.602956 3.71221e-06 9.82735e-07 
15.616727 3.69519e-06 1.04835e-06 
15.630498 3.67702e-06 1.11365e-06 
15.644269 3.6577e-06 1.17862e-06 
15.658040 3.63723e-06 1.24325e-06 
15.671811 3.61562e-06 1.3075e-06 
15.685582 3.59288e-06 1.37137e-06 
15.699353 3.56902e-06 1.43483e-06 
15.713124 3.54404e-06 1.49785e-06 
15.726895 3.51795e-06 1.56043e-06 
15.740666 3.49076e-06 1.62254e-06 
15.754437 3.46248e-06 1.68417e-06 
15.768208 3.43312e-06 1.74528e-06 
15.781979 3.40268e-06 1.80588e-06 
15.795750 3.37118e-06 1.86592e-06 
15.809521 3.33863e-06 1.92541e-06 
15.823293 3.30503e-06 1.98431e-06 
15.837064 3.2704e-06 2.04262e-06 
15.850835 3.23474e-06 2.10031e-06 
15.864606 3.19808e-06 2.15736e-06 
15.878377 3.16041e-06 2.21376e-06 
15.892148 3.12176e-06 2.26949e-06 
15.905919 3.08214e-06 2.32454e-06 
15.919690 3.04155e-06 2.37888e-06 
15.933461 3e-06 2.4325e-06 
15.947232 2.95753e-06 2.48538e-06 
15.961003 2.91412e-06 2.53751e-06 
15.974774 2.86981e-06 2.58887e-06 
15.988545 2.8246e-06 2.63945e-06 
16.002316 2.77851e-06 2.68922e-06 
16.016087 2.73155e-06 2.73818e-06 
16.029858 2.68373e-06 2.78631e-06 
16.043629 2.63508e-06 2.8336e-06 
16.057401 2.5856e-06 2.88002e-06 
16.071172 2.53532e-06 2.92557e-06 
16.084943 2.48424e-06 2.97023e-06 
16.098714 2.43238e-06 3.01399e-06 
16.112485 2.37976e-06 3.05683e-06 
16.126256 2.3264e-06 3.09875e-06 
16.140027 2.27231e-06 3.13973e-06 
16.153798 2.21751e-06 3.17975e-06 
16.167569 2.16202e-06 3.21881e-06 
16.181340 2.10585e-06 3.25689e-06 
16.195111 2.04901e-06 3.29398e-06 
16.208882 1.99154e-06 3.33007e-06 
16.222653 1.93344e-06 3.36515e-06 
16.236424 1.87473e-06 3.39921e-06 
16.250195 1.81544e-06 3.43224e-06 
16.263966 1.75557e-06 3.46423e-06 
16.277737 1.69516e-06 3.49516e-06 
16.291508 1.63421e-06 3.52503e-06 
16.305280 1.57274e-06 3.55384e-06 
16.319051 1.51078e-06 3.58157e-06 
16.332822 1.44834e-06 3.60821e-06 
16.346593 1.38545e-06 3.63375e-06 
16.360364 1.32211e-06 3.65819e-06 
16.374135 1.25836e-06 3.68153e-06 
16.387906 1.19421e-06 3.70374e-06 
16.401677 1.12967e-06 3.72484e-06 
16.415448 1.06478e-06 3.7448e-06 
16.429219 9.99546e-07 3.76363e-06 
16.442990 9.33992e-07 3.78132e-06 
16.456761 8.68138e-07 3.79786e-06 
16.470532 8.02004e-07 3.81325e-06 
16.484303 7.3561e-07 3.82749e-06 
16.498074 6.68975e-07 3.84056e-06 
16.511845 6.02121e-07 3.85248e-06 
16.525616 5.35068e-07 3.86322e-06 
16.539388 4.67836e-07 3.8728e-06 
16.553159 4.00446e-07 3.8812e-06 
16.566930 3.32918e-07 3.88843e-06 
16.580701 2.65272e-07 3.89448e-06 
16.594472 1.9753e-07 3.89935e-06 
16.608243 1.29711e-07 3.90304e-06 
16.622014 6.18366e-08 3.90555e-06 
16.635785 -6.07282e-09 3.90688e-06 
16.649556 -7.39968e-08 3.90703e-06 
16.663327 -1.41915e-07 3.90599e-06 
16.677098 -2.09806e-07 3.90378e-06 
16.690869 -2.7765e-07 3.90038e-06 
16.704640 -3.45427e-07 3.8958e-06 
16.718411 -4.13115e-07 3.89005e-06 
16.732182 -4.80695e-07 3.88312e-06 
16.745953 -5.48146e-07 3.87502e-06 
16.759724 -6.15447e-07 3.86574e-06 
16.773495 -6.82579e-07 3.8553e-06 
16.787267 -7.49521e-07 3.8437e-06 
16.801038 -8.16252e-07 3.83093e-06 
16.814809 -8.82754e-07 3.817e-06 
16.828580 -9.49005e-07 3.80193e-06 
16.842351 -1.01499e-06 3.7857e-06 
16.856122 -1.08068e-06 3.76833e-06 
16.869893 -1.14606e-06 3.74983e-06 
16.883664 -1.21111e-06 3.73019e-06 
16.897435 -1.27582e-06 3.70943e-06 
16.911206 -1.34015e-06 3.68754e-06 
16.924977 -1.4041e-06 3.66455e-06 
16.938748 -1.46764e-06 3.64045e-06 
16.952519 -1.53075e-06 3.61525e-06 
16.966290 -1.59342e-06 3.58896e-06 
16.980061 -1.65563e-06 3.56159e-06 
16.993832 -1.71736e-06 3.53315e-06 
17.007603 -1.77858e-06 3.50364e-06 
17.021375 -1.83929e-06 3.47307e-06 
17.035146 -1.89945e-06 3.44146e-06 
17.048917 -1.95907e-06 3.40881e-06 
17.062688 -2.01811e-06 3.37513e-06 
17.076459 -2.07656e-06 3.34043e-06 
17.090230 -2.1344e-06 3.30473e-06 
17.104001 -2.19162e-06 3.26804e-06 
17.117772 -2.2482e-06 3.23035e-06 
17.131543 -2.30411e-06 3.1917e-06 
17.145314 -2.35935e-06 3.15208e-06 
17.159085 -2.4139e-06 3.11152e-06 
17.172856 -2.46775e-06 3.07001e-06 
17.186627 -2.52086e-06 3.02758e-06 
17.200398 -2.57324e-06 2.98424e-06 
17.214169 -2.62486e-06 2.94e-06 
17.227940 -2.67572e-06 2.89488e-06 
17.241711 -2.72578e-06 2.84888e-06 
17.255482 -2.77505e-06 2.80203e-06 
17.269254 -2.8235e-06 2.75433e-06 
17.283025 -2.87112e-06 2.7058e-06 
17.296796 -2.91789e-06 2.65646e-06 
17.310567 -2.96381e-06 2.60631e-06 
17.324338 -3.00886e-06 2.55538e-06 
17.338109 -3.05303e-06 2.50368e-06 
17.351880 -3.09629e-06 2.45123e-06 
17.365651 -3.13865e-06 2.39804e-06 
17.379422 -3.18009e-06 2.34412e-06 
17.393193 -3.22059e-06 2.2895e-06 
17.406964 -3.26014e-06 2.23419e-06 
17.420735 -3.29873e-06 2.1782e-06 
17.434506 -3.33636e-06 2.12156e-06 
17.448277 -3.373e-06 2.06428e-06 
17.462048 -3.40866e-06 2.00637e-06 
17.475819 -3.44331e-06 1.94786e-06 
17.489590 -3.47695e-06 1.88876e-06 
17.503362 -3.50957e-06 1.82908e-06 
17.517133 -3.54115e-06 1.76886e-06 
17.530904 -3.5717e-06 1.7081e-06 
17.544675 -3.60119e-06 1.64682e-06 
17.558446 -3.62963e-06 1.58505e-06 
17.572217 -3.657e-06 1.52279e-06 
17.585988 -3.6833e-06 1.46008e-06 
17.599759 -3.70851e-06 1.39692e-06 
17.613530 -3.73264e-06 1.33333e-06 
17.627301 -3.75567e-06 1.26935e-06 
17.641072 -3.77759e-06 1.20497e-06 
17.654843 -3.79841e-06 1.14023e-06 
17.668614 -3.81811e-06 1.07514e-06 
17.682385 -3.83669e-06 1.00972e-06 
17.696156 -3.85414e-06 9.43987e-07 
17.709927 -3.87046e-06 8.77968e-07 
17.723698 -3.88564e-06 8.11679e-07 
17.737469 -3.89969e-06 7.4514e-07 
17.751241 -3.91259e-06 6.7837e-07 
17.765012 -3.92434e-06 6.11389e-07 
17.778783 -3.93494e-06 5.44217e-07 
17.792554 -3.94438e-06 4.76874e-07 
17.806325 -3.95266e-06 4.09379e-07 
17.820096 -3.95979e-06 3.41754e-07 
17.833867 -3.96575e-06 2.74017e-07 
17.847638 -3.97055e-06 2.0619e-07 
17.861409 -3.97419e-06 1.38291e-07 
17.875180 -3.97666e-06 7.03416e-08 
17.888951 -3.97796e-06 2.36166e-09 
17.902722 -3.97809e-06 -6.56287e-08 
17.916493 -3.97706e-06 -1.33609e-07 
17.930264 -3.97486e-06 -2.0156e-07 
17.944035 -3.9715e-06 -2.6946e-07 
17.957806 -3.96697e-06 -3.3729e-07 
17.971577 -3.96127e-06 -4.0503e-07 
17.985349 -3.95441e-06 -4.72659e-07 
17.999120 -3.9464e-06 -5.40157e-07 
18.012891 -3.93722e-06 -6.07504e-07 
18.026662 -3.92689e-06 -6.7468e-07 
18.040433 -3.91541e-06 -7.41665e-07 
18.054204 -3.90278e-06 -8.08439e-07 
18.067975 -3.88901e-06 -8.74982e-07 
18.081746 -3.87409e-06 -9.41273e-07 
18.095517 -3.85803e-06 -1.00729e-06 
18.109288 -3.84085e-06 -1.07302e-06 
18.123059 -3.82253e-06 -1.13844e-06 
18.136830 -3.8031e-06 -1.20353e-06 
18.150601 -3.78254e-06 -1.26827e-06 
18.164372 -3.76087e-06 -1.33264e-06 
18.178143 -3.7381e-06 -1.39661e-06 
18.191914 -3.71423e-06 -1.46018e-06 
18.205685 -3.68927e-06 -1.52333e-06 
18.219456 -3.66322e-06 -1.58602e-06 
18.233228 -3.6361e-06 -1.64824e-06 
18.246999 -3.6079e-06 -1.70998e-06 
18.260770 -3.57864e-06 -1.77121e-06 
18.274541 -3.54832e-06 -1.83192e-06 
18.288312 -3.51696e-06 -1.89208e-06 
18.302083 -3.48456e-06 -1.95168e-06 
18.315854 -3.45113e-06 -2.01069e-06 
18.329625 -3.41668e-06 -2.06911e-06 
18.343396 -3.38121e-06 -2.1269e-06 
18.357167 -3.34475e-06 -2.18405e-06 
18.370938 -3.30729e-06 -2.24054e-06 
18.384709 -3.26885e-06 -2.29635e-06 
18.398480 -3.22943e-06 -2.35146e-06 
18.412251 -3.18905e-06 -2.40586e-06 
18.426022 -3.14772e-06 -2.45952e-06 
18.439793 -3.10545e-06 -2.51242e-06 
18.453564 -3.06224e-06 -2.56454e-06 
18.467336 -3.01812e-06 -2.61587e-06 
18.481107 -2.97308e-06 -2.66639e-06 
18.494878 -2.92714e-06 -2.71607e-06 
18.508649 -2.88031e-06 -2.76489e-06 
18.522420 -2.8326e-06 -2.81283e-06 
18.536191 -2.78402e-06 -2.85987e-06 
18.549962 -2.73459e-06 -2.906e-06 
18.563733 -2.68431e-06 -2.95118e-06 
18.577504 -2.63319e-06 -2.9954e-06 
18.591275 -2.58124e-06 -3.03863e-06 
18.605046 -2.52848e-06 -3.08085e-06 
18.618817 -2.47491e-06 -3.12203e-06 
18.632588 -2.42055e-06 -3.16215e-06 
18.646359 -2.36539e-06 -3.20118e-06 
18.660130 -2.30946e-06 -3.23909e-06 
18.673901 -2.25276e-06 -3.27586e-06 
18.687672 -2.19529e-06 -3.31145e-06 
18.701443 -2.13707e-06 -3.34584e-06 
18.715215 -2.07809e-06 -3.37898e-06 
18.728986 -2.01837e-06 -3.41085e-06 
18.742757 -1.95792e-06 -3.4414e-06 
18.756528 -1.89673e-06 -3.47061e-06 
18.770299 -1.8348e-06 -3.49842e-06 
18.784070 -1.77215e-06 -3.5248e-06 
18.797841 -1.70877e-06 -3.54969e-06 
18.811612 -1.64466e-06 -3.57306e-06 
18.825383 -1.57983e-06 -3.59485e-06 
18.839154 -1.51427e-06 -3.61501e-06 
18.852925 -1.44797e-06 -3.63349e-06 
18.866696 -1.38095e-06 -3.65025e-06 
18.880467 -1.31319e-06 -3.66523e-06 
18.894238 -1.24471e-06 -3.67838e-06 
18.908009 -1.17549e-06 -3.68967e-06 
18.921780 -1.10556e-06 -3.69908e-06 
18.935551 -1.03493e-06 -3.7066e-06 
18.949323 -9.63634e-07 -3.71224e-06 
18.963094 -8.91711e-07 -3.71607e-06 
18.976865 -8.19236e-07 -3.7182e-06 
18.990636 -7.46315e-07 -3.71884e-06 
