14.487500 -1.75118e-05 7.85596e-06 
14.501271 -1.76551e-05 7.54247e-06 
14.515042 -1.77928e-05 7.22645e-06 
14.528813 -1.79248e-05 6.90798e-06 
14.542584 -1.80511e-05 6.58718e-06 
14.556355 -1.81716e-05 6.26416e-06 
14.570126 -1.82862e-05 5.939e-06 
14.583897 -1.8395e-05 5.61183e-06 
14.597668 -1.8498e-05 5.28274e-06 
14.611440 -1.8595e-05 4.95184e-06 
14.625211 -1.8686e-05 4.61924e-06 
14.638982 -1.87711e-05 4.28505e-06 
14.652753 -1.88502e-05 3.94937e-06 
14.666524 -1.89232e-05 3.61231e-06 
14.680295 -1.89902e-05 3.27398e-06 
14.694066 -1.90512e-05 2.93449e-06 
14.707837 -1.9106e-05 2.59395e-06 
14.721608 -1.91547e-05 2.25247e-06 
14.735379 -1.91973e-05 1.91016e-06 
14.749150 -1.92338e-05 1.56712e-06 
14.762921 -1.92642e-05 1.22347e-06 
14.776692 -1.92883e-05 8.79319e-07 
14.790463 -1.93064e-05 5.34776e-07 
14.804234 -1.93182e-05 1.89952e-07 
14.818005 -1.93239e-05 -1.55043e-07 
14.831776 -1.93234e-05 -5.001e-07 
14.845547 -1.93168e-05 -8.45106e-07 
14.859319 -1.93039e-05 -1.18995e-06 
14.873090 -1.9285e-05 -1.53453e-06 
14.886861 -1.92598e-05 -1.87873e-06 
14.900632 -1.92286e-05 -2.22244e-06 
14.914403 -1.91912e-05 -2.56554e-06 
14.928174 -1.91477e-05 -2.90794e-06 
14.941945 -1.9098e-05 -3.24953e-06 
14.955716 -1.90423e-05 -3.59018e-06 
14.969487 -1.89805e-05 -3.92981e-06 
14.983258 -1.89127e-05 -4.26829e-06 
14.997029 -1.88388e-05 -4.60552e-06 
15.010800 -1.8759e-05 -4.9414e-06 
15.024571 -1.86731e-05 -5.27581e-06 
15.038342 -1.85814e-05 -5.60865e-06 
15.052113 -1.84837e-05 -5.93982e-06 
15.065884 -1.83801e-05 -6.26921e-06 
15.079655 -1.82706e-05 -6.59672e-06 
15.093427 -1.81554e-05 -6.92224e-06 
15.107198 -1.80343e-05 -7.24567e-06 
15.120969 -1.79076e-05 -7.56691e-06 
15.134740 -1.77751e-05 -7.88586e-06 
15.148511 -1.7637e-05 -8.20241e-06 
15.162282 -1.74932e-05 -8.51647e-06 
15.176053 -1.73439e-05 -8.82794e-06 
15.189824 -1.71891e-05 -9.13671e-06 
15.203595 -1.70288e-05 -9.4427e-06 
15.217366 -1.68631e-05 -9.74581e-06 
15.231137 -1.66921e-05 -1.00459e-05 
15.244908 -1.65157e-05 -1.0343e-05 
15.258679 -1.63341e-05 -1.06369e-05 
15.272450 -1.61472e-05 -1.09275e-05 
15.286221 -1.59553e-05 -1.12148e-05 
15.299992 -1.57583e-05 -1.14986e-05 
15.313763 -1.55562e-05 -1.1779e-05 
15.327534 -1.53492e-05 -1.20557e-05 
15.341306 -1.51374e-05 -1.23287e-05 
15.355077 -1.49207e-05 -1.25979e-05 
15.368848 -1.46993e-05 -1.28632e-05 
15.382619 -1.44732e-05 -1.31246e-05 
15.396390 -1.42425e-05 -1.3382e-05 
15.410161 -1.40073e-05 -1.36352e-05 
15.423932 -1.37676e-05 -1.38842e-05 
15.437703 -1.35235e-05 -1.4129e-05 
15.451474 -1.32752e-05 -1.43694e-05 
15.465245 -1.30226e-05 -1.46054e-05 
15.479016 -1.27659e-05 -1.48369e-05 
15.492787 -1.25051e-05 -1.50639e-05 
15.506558 -1.22403e-05 -1.52862e-05 
15.520329 -1.19716e-05 -1.55038e-05 
15.534100 -1.16991e-05 -1.57166e-05 
15.547871 -1.14229e-05 -1.59246e-05 
15.561642 -1.11431e-05 -1.61277e-05 
15.575414 -1.08597e-05 -1.63258e-05 
15.589185 -1.05728e-05 -1.65189e-05 
15.602956 -1.02826e-05 -1.67069e-05 
15.616727 -9.98903e-06 -1.68897e-05 
15.630498 -9.69232e-06 -1.70674e-05 
15.644269 -9.3925e-06 -1.72398e-05 
15.658040 -9.08968e-06 -1.74069e-05 
15.671811 -8.78395e-06 -1.75686e-05 
15.685582 -8.4754e-06 -1.77249e-05 
15.699353 -8.16414e-06 -1.78758e-05 
15.713124 -7.85025e-06 -1.80211e-05 
15.726895 -7.53385e-06 -1.8161e-05 
15.740666 -7.21501e-06 -1.82952e-05 
15.754437 -6.89385e-06 -1.84238e-05 
15.768208 -6.57047e-06 -1.85467e-05 
15.781979 -6.24496e-06 -1.86639e-05 
15.795750 -5.91742e-06 -1.87754e-05 
15.809521 -5.58796e-06 -1.88811e-05 
15.823293 -5.25669e-06 -1.8981e-05 
15.837064 -4.92369e-06 -1.90751e-05 
15.850835 -4.58908e-06 -1.91633e-05 
15.864606 -4.25296e-06 -1.92455e-05 
15.878377 -3.91544e-06 -1.93219e-05 
15.892148 -3.57661e-06 -1.93924e-05 
15.905919 -3.23658e-06 -1.94568e-05 
15.919690 -2.89546e-06 -1.95153e-05 
15.933461 -2.55336e-06 -1.95678e-05 
15.947232 -2.21037e-06 -1.96143e-05 
15.961003 -1.86661e-06 -1.96548e-05 
15.974774 -1.52218e-06 -1.96892e-05 
15.988545 -1.17719e-06 -1.97176e-05 
16.002316 -8.31738e-07 -1.97399e-05 
16.016087 -4.85937e-07 -1.97562e-05 
16.029858 -1.39893e-07 -1.97664e-05 
16.043629 2.06289e-07 -1.97705e-05 
16.057401 5.52503e-07 -1.97685e-05 
16.071172 8.98641e-07 -1.97605e-05 
16.084943 1.2446e-06 -1.97464e-05 
16.098714 1.59027e-06 -1.97263e-05 
16.112485 1.93554e-06 -1.97001e-05 
16.126256 2.28032e-06 -1.96679e-05 
16.140027 2.62449e-06 -1.96296e-05 
16.153798 2.96795e-06 -1.95853e-05 
16.167569 3.31059e-06 -1.95351e-05 
16.181340 3.65231e-06 -1.94788e-05 
16.195111 3.99301e-06 -1.94165e-05 
16.208882 4.33258e-06 -1.93483e-05 
16.222653 4.67092e-06 -1.92742e-05 
16.236424 5.00792e-06 -1.91942e-05 
16.250195 5.34348e-06 -1.91083e-05 
16.263966 5.6775e-06 -1.90165e-05 
16.277737 6.00988e-06 -1.89189e-05 
16.291508 6.34051e-06 -1.88155e-05 
16.305280 6.6693e-06 -1.87064e-05 
16.319051 6.99614e-06 -1.85915e-05 
16.332822 7.32094e-06 -1.84709e-05 
16.346593 7.6436e-06 -1.83447e-05 
16.360364 7.96401e-06 -1.82128e-05 
16.374135 8.28209e-06 -1.80754e-05 
16.387906 8.59773e-06 -1.79325e-05 
16.401677 8.91084e-06 -1.7784e-05 
16.415448 9.22133e-06 -1.76302e-05 
16.429219 9.52909e-06 -1.74709e-05 
16.442990 9.83405e-06 -1.73063e-05 
16.456761 1.01361e-05 -1.71363e-05 
16.470532 1.04352e-05 -1.69612e-05 
16.484303 1.07311e-05 -1.67808e-05 
16.498074 1.10239e-05 -1.65954e-05 
16.511845 1.13134e-05 -1.64048e-05 
16.525616 1.15996e-05 -1.62092e-05 
16.539388 1.18823e-05 -1.60087e-05 
16.553159 1.21616e-05 -1.58033e-05 
16.566930 1.24372e-05 -1.5593e-05 
16.580701 1.27091e-05 -1.5378e-05 
16.594472 1.29772e-05 -1.51583e-05 
16.608243 1.32415e-05 -1.49339e-05 
16.622014 1.35019e-05 -1.47049e-05 
16.635785 1.37582e-05 -1.44715e-05 
16.649556 1.40105e-05 -1.42336e-05 
16.663327 1.42586e-05 -1.39914e-05 
16.677098 1.45024e-05 -1.37449e-05 
16.690869 1.4742e-05 -1.34942e-05 
16.704640 1.49772e-05 -1.32394e-05 
16.718411 1.52079e-05 -1.29805e-05 
16.732182 1.54341e-05 -1.27176e-05 
16.745953 1.56557e-05 -1.24508e-05 
16.759724 1.58726e-05 -1.21803e-05 
16.773495 1.60849e-05 -1.1906e-05 
16.787267 1.62923e-05 -1.1628e-05 
16.801038 1.64949e-05 -1.13465e-05 
16.814809 1.66926e-05 -1.10615e-05 
16.828580 1.68853e-05 -1.07731e-05 
16.842351 1.7073e-05 -1.04814e-05 
16.856122 1.72557e-05 -1.01865e-05 
16.869893 1.74332e-05 -9.88842e-06 
16.883664 1.76055e-05 -9.58733e-06 
16.897435 1.77726e-05 -9.28329e-06 
16.911206 1.79344e-05 -8.9764e-06 
16.924977 1.80909e-05 -8.66674e-06 
16.938748 1.8242e-05 -8.35441e-06 
16.952519 1.83876e-05 -8.0395e-06 
16.966290 1.85278e-05 -7.72211e-06 
16.980061 1.86625e-05 -7.40232e-06 
16.993832 1.87917e-05 -7.08025e-06 
17.007603 1.89152e-05 -6.75598e-06 
17.021375 1.90332e-05 -6.42962e-06 
17.035146 1.91455e-05 -6.10125e-06 
17.048917 1.92521e-05 -5.77098e-06 
17.062688 1.93529e-05 -5.43891e-06 
17.076459 1.94481e-05 -5.10513e-06 
17.090230 1.95374e-05 -4.76975e-06 
17.104001 1.9621e-05 -4.43287e-06 
17.117772 1.96987e-05 -4.09459e-06 
17.131543 1.97706e-05 -3.755e-06 
17.145314 1.98366e-05 -3.41421e-06 
17.159085 1.98967e-05 -3.07232e-06 
17.172856 1.99509e-05 -2.72944e-06 
17.186627 1.99992e-05 -2.38566e-06 
17.200398 2.00415e-05 -2.04109e-06 
17.214169 2.0078e-05 -1.69582e-06 
17.227940 2.01084e-05 -1.34998e-06 
17.241711 2.01329e-05 -1.00364e-06 
17.255482 2.01514e-05 -6.5693e-07 
17.269254 2.0164e-05 -3.09938e-07 
17.283025 2.01705e-05 3.72292e-08 
17.296796 2.01711e-05 3.84468e-07 
17.310567 2.01657e-05 7.31676e-07 
17.324338 2.01543e-05 1.07875e-06 
17.338109 2.0137e-05 1.42559e-06 
17.351880 2.01137e-05 1.77208e-06 
17.365651 2.00844e-05 2.11814e-06 
17.379422 2.00491e-05 2.46365e-06 
17.393193 2.0008e-05 2.80851e-06 
17.406964 1.99609e-05 3.15263e-06 
17.420735 1.99079e-05 3.49589e-06 
17.434506 1.9849e-05 3.83821e-06 
17.448277 1.97842e-05 4.17947e-06 
17.462048 1.97136e-05 4.51957e-06 
17.475819 1.96371e-05 4.85842e-06 
17.489590 1.95549e-05 5.19592e-06 
17.503362 1.94668e-05 5.53197e-06 
17.517133 1.9373e-05 5.86646e-06 
17.530904 1.92734e-05 6.1993e-06 
17.544675 1.91682e-05 6.53039e-06 
17.558446 1.90573e-05 6.85964e-06 
17.572217 1.89407e-05 7.18694e-06 
17.585988 1.88185e-05 7.51221e-06 
17.599759 1.86908e-05 7.83534e-06 
17.613530 1.85576e-05 8.15624e-06 
17.627301 1.84188e-05 8.47482e-06 
17.641072 1.82747e-05 8.79098e-06 
17.654843 1.81251e-05 9.10463e-06 
17.668614 1.79702e-05 9.41568e-06 
17.682385 1.78099e-05 9.72404e-06 
17.696156 1.76445e-05 1.00296e-05 
17.709927 1.74737e-05 1.03323e-05 
17.723698 1.72979e-05 1.06321e-05 
17.737469 1.71169e-05 1.09288e-05 
17.751241 1.69309e-05 1.12223e-05 
17.765012 1.67399e-05 1.15127e-05 
17.778783 1.65439e-05 1.17997e-05 
17.792554 1.6343e-05 1.20834e-05 
17.806325 1.61374e-05 1.23636e-05 
17.820096 1.59269e-05 1.26402e-05 
17.833867 1.57118e-05 1.29132e-05 
17.847638 1.5492e-05 1.31825e-05 
17.861409 1.52677e-05 1.3448e-05 
17.875180 1.50389e-05 1.37096e-05 
17.888951 1.48056e-05 1.39673e-05 
17.902722 1.4568e-05 1.4221e-05 
17.916493 1.4326e-05 1.44705e-05 
17.930264 1.40799e-05 1.4716e-05 
17.944035 1.38296e-05 1.49572e-05 
17.957806 1.35752e-05 1.5194e-05 
17.971577 1.33168e-05 1.54266e-05 
17.985349 1.30545e-05 1.56546e-05 
17.999120 1.27883e-05 1.58782e-05 
18.012891 1.25184e-05 1.60972e-05 
18.026662 1.22448e-05 1.63116e-05 
18.040433 1.19676e-05 1.65213e-05 
18.054204 1.16869e-05 1.67262e-05 
18.067975 1.14027e-05 1.69263e-05 
18.081746 1.11152e-05 1.71216e-05 
18.095517 1.08244e-05 1.73119e-05 
18.109288 1.05304e-05 1.74973e-05 
18.123059 1.02333e-05 1.76776e-05 
18.136830 9.93319e-06 1.78529e-05 
18.150601 9.63018e-06 1.8023e-05 
18.164372 9.32433e-06 1.81879e-05 
18.178143 9.01575e-06 1.83477e-05 
18.191914 8.70452e-06 1.85021e-05 
18.205685 8.39073e-06 1.86513e-05 
18.219456 8.07448e-06 1.87951e-05 
18.233228 7.75586e-06 1.89335e-05 
18.246999 7.43498e-06 1.90664e-05 
18.260770 7.11191e-06 1.91939e-05 
18.274541 6.78676e-06 1.93159e-05 
18.288312 6.45964e-06 1.94324e-05 
18.302083 6.13062e-06 1.95433e-05 
18.315854 5.79982e-06 1.96486e-05 
18.329625 5.46733e-06 1.97483e-05 
18.343396 5.13326e-06 1.98423e-05 
18.357167 4.7977e-06 1.99307e-05 
18.370938 4.46075e-06 2.00133e-05 
18.384709 4.12251e-06 2.00903e-05 
18.398480 3.7831e-06 2.01615e-05 
18.412251 3.44261e-06 2.0227e-05 
18.426022 3.10114e-06 2.02866e-05 
18.439793 2.7588e-06 2.03406e-05 
18.453564 2.41569e-06 2.03887e-05 
18.467336 2.07192e-06 2.0431e-05 
18.481107 1.7276e-06 2.04675e-05 
18.494878 1.38282e-06 2.04982e-05 
18.508649 1.03771e-06 2.05231e-05 
18.522420 6.92352e-07 2.05422e-05 
18.536191 3.4687e-07 2.05554e-05 
18.549962 1.36772e-09 2.05628e-05 
18.563733 -3.44046e-07 2.05644e-05 
18.577504 -6.89262e-07 2.05602e-05 
18.591275 -1.03417e-06 2.05502e-05 
18.605046 -1.37866e-06 2.05345e-05 
18.618817 -1.72263e-06 2.05129e-05 
18.632588 -2.06595e-06 2.04856e-05 
18.646359 -2.40853e-06 2.04525e-05 
18.660130 -2.75024e-06 2.04137e-05 
18.673901 -3.09099e-06 2.03693e-05 
18.687672 -3.43064e-06 2.03191e-05 
18.701443 -3.7691e-06 2.02632e-05 
18.715215 -4.10625e-06 2.02018e-05 
18.728986 -4.44197e-06 2.01347e-05 
18.742757 -4.77616e-06 2.00621e-05 
18.756528 -5.1087e-06 1.99839e-05 
18.770299 -5.43948e-06 1.99002e-05 
18.784070 -5.7684e-06 1.98111e-05 
18.797841 -6.09533e-06 1.97165e-05 
18.811612 -6.42018e-06 1.96165e-05 
18.825383 -6.74283e-06 1.95111e-05 
18.839154 -7.06319e-06 1.94004e-05 
18.852925 -7.38116e-06 1.92844e-05 
18.866696 -7.69663e-06 1.91632e-05 
18.880467 -8.00954e-06 1.90367e-05 
18.894238 -8.31979e-06 1.89051e-05 
18.908009 -8.62732e-06 1.87682e-05 
18.921780 -8.93207e-06 1.86263e-05 
18.935551 -9.23401e-06 1.84792e-05 
18.949323 -9.53312e-06 1.83269e-05 
18.963094 -9.82941e-06 1.81695e-05 
18.976865 -1.01229e-05 1.80069e-05 
18.990636 -1.04137e-05 1.7839e-05 
