9.975000 0.00255889 0.00339625 
9.988771 0.00248933 0.0034447 
10.002542 0.0024189 0.0034917 
10.016313 0.00234763 0.00353725 
10.030084 0.00227554 0.00358133 
10.043855 0.00220266 0.00362393 
10.057626 0.00212903 0.00366503 
10.071397 0.00205467 0.00370463 
10.085168 0.00197962 0.00374271 
10.098940 0.00190391 0.00377925 
10.112711 0.00182757 0.00381426 
10.126482 0.00175062 0.00384772 
10.140253 0.00167311 0.00387962 
10.154024 0.00159506 0.00390995 
10.167795 0.0015165 0.0039387 
10.181566 0.00143747 0.00396588 
10.195337 0.001358 0.00399146 
10.209108 0.00127812 0.00401544 
10.222879 0.00119786 0.00403783 
10.236650 0.00111726 0.00405861 
10.250421 0.00103634 0.00407777 
10.264192 0.000955136 0.00409533 
10.277963 0.000873683 0.00411127 
10.291734 0.000792012 0.00412558 
10.305505 0.000710155 0.00413828 
10.319276 0.000628143 0.00414936 
10.333047 0.000546009 0.00415881 
10.346819 0.000463784 0.00416665 
10.360590 0.0003815 0.00417286 
10.374361 0.000299189 0.00417745 
10.388132 0.000216882 0.00418042 
10.401903 0.000134611 0.00418178 
10.415674 5.24071e-05 0.00418153 
10.429445 -2.96984e-05 0.00417967 
10.443216 -0.000111674 0.00417621 
10.456987 -0.00019349 0.00417114 
10.470758 -0.000275114 0.00416449 
10.484529 -0.000356517 0.00415625 
10.498300 -0.000437667 0.00414643 
10.512071 -0.000518534 0.00413503 
10.525842 -0.000599089 0.00412208 
10.539613 -0.000679302 0.00410756 
10.553384 -0.000759142 0.0040915 
10.567155 -0.00083858 0.0040739 
10.580927 -0.000917588 0.00405478 
10.594698 -0.000996137 0.00403414 
10.608469 -0.0010742 0.00401199 
10.622240 -0.00115174 0.00398835 
10.636011 -0.00122874 0.00396323 
10.649782 -0.00130517 0.00393664 
10.663553 -0.00138099 0.00390859 
10.677324 -0.00145619 0.0038791 
10.691095 -0.00153074 0.00384819 
10.704866 -0.0016046 0.00381586 
10.718637 -0.00167776 0.00378214 
10.732408 -0.00175019 0.00374703 
10.746179 -0.00182185 0.00371056 
10.759950 -0.00189274 0.00367274 
10.773721 -0.00196281 0.00363359 
10.787492 -0.00203206 0.00359312 
10.801263 -0.00210044 0.00355136 
10.815034 -0.00216795 0.00350832 
10.828806 -0.00223455 0.00346403 
10.842577 -0.00230023 0.00341849 
10.856348 -0.00236495 0.00337173 
10.870119 -0.00242871 0.00332377 
10.883890 -0.00249147 0.00327464 
10.897661 -0.00255322 0.00322434 
10.911432 -0.00261394 0.00317291 
10.925203 -0.0026736 0.00312036 
10.938974 -0.00273219 0.00306671 
10.952745 -0.00278968 0.00301199 
10.966516 -0.00284606 0.00295623 
10.980287 -0.00290131 0.00289943 
10.994058 -0.0029554 0.00284164 
11.007829 -0.00300833 0.00278286 
11.021600 -0.00306008 0.00272312 
11.035371 -0.00311063 0.00266246 
11.049142 -0.00315996 0.00260088 
11.062914 -0.00320805 0.00253842 
11.076685 -0.0032549 0.0024751 
11.090456 -0.00330049 0.00241095 
11.104227 -0.0033448 0.00234599 
11.117998 -0.00338782 0.00228025 
11.131769 -0.00342953 0.00221374 
11.145540 -0.00346993 0.00214651 
11.159311 -0.00350901 0.00207857 
11.173082 -0.00354674 0.00200995 
11.186853 -0.00358312 0.00194068 
11.200624 -0.00361815 0.00187078 
11.214395 -0.0036518 0.00180028 
11.228166 -0.00368407 0.00172921 
11.241937 -0.00371495 0.00165759 
11.255708 -0.00374443 0.00158546 
11.269479 -0.0037725 0.00151283 
11.283250 -0.00379917 0.00143974 
11.297021 -0.00382441 0.00136622 
11.310793 -0.00384823 0.00129228 
11.324564 -0.00387061 0.00121796 
11.338335 -0.00389155 0.00114329 
11.352106 -0.00391106 0.0010683 
11.365877 -0.00392911 0.000993005 
11.379648 -0.00394572 0.000917441 
11.393419 -0.00396087 0.000841635 
11.407190 -0.00397457 0.000765613 
11.420961 -0.00398681 0.000689406 
11.434732 -0.00399758 0.000613039 
11.448503 -0.0040069 0.000536541 
11.462274 -0.00401476 0.00045994 
11.476045 -0.00402115 0.000383263 
11.489816 -0.00402608 0.000306538 
11.503587 -0.00402956 0.000229793 
11.517358 -0.00403157 0.000153056 
11.531129 -0.00403213 7.63531e-05 
11.544901 -0.00403123 -2.87302e-07 
11.558672 -0.00402889 -7.6838e-05 
11.572443 -0.00402509 -0.000153272 
11.586214 -0.00401985 -0.000229562 
11.599985 -0.00401318 -0.000305681 
11.613756 -0.00400507 -0.000381602 
11.627527 -0.00399553 -0.000457299 
11.641298 -0.00398458 -0.000532744 
11.655069 -0.0039722 -0.000607912 
11.668840 -0.00395842 -0.000682777 
11.682611 -0.00394324 -0.000757311 
11.696382 -0.00392667 -0.00083149 
11.710153 -0.00390871 -0.000905287 
11.723924 -0.00388937 -0.000978677 
11.737695 -0.00386867 -0.00105164 
11.751466 -0.00384662 -0.00112414 
11.765237 -0.00382322 -0.00119615 
11.779008 -0.00379848 -0.00126767 
11.792780 -0.00377242 -0.00133865 
11.806551 -0.00374505 -0.00140907 
11.820322 -0.00371638 -0.00147892 
11.834093 -0.00368642 -0.00154816 
11.847864 -0.00365518 -0.00161678 
11.861635 -0.00362269 -0.00168475 
11.875406 -0.00358894 -0.00175204 
11.889177 -0.00355397 -0.00181864 
11.902948 -0.00351777 -0.00188453 
11.916719 -0.00348037 -0.00194967 
11.930490 -0.00344178 -0.00201406 
11.944261 -0.00340202 -0.00207767 
11.958032 -0.0033611 -0.00214047 
11.971803 -0.00331904 -0.00220245 
11.985574 -0.00327586 -0.00226358 
11.999345 -0.00323157 -0.00232386 
12.013116 -0.00318619 -0.00238325 
12.026888 -0.00313974 -0.00244173 
12.040659 -0.00309223 -0.0024993 
12.054430 -0.00304369 -0.00255593 
12.068201 -0.00299414 -0.0026116 
12.081972 -0.00294358 -0.00266629 
12.095743 -0.00289205 -0.00272 
12.109514 -0.00283956 -0.00277269 
12.123285 -0.00278613 -0.00282435 
12.137056 -0.00273179 -0.00287498 
12.150827 -0.00267654 -0.00292454 
12.164598 -0.00262042 -0.00297304 
12.178369 -0.00256345 -0.00302044 
12.192140 -0.00250564 -0.00306674 
12.205911 -0.00244701 -0.00311192 
12.219682 -0.0023876 -0.00315597 
12.233453 -0.00232741 -0.00319888 
12.247224 -0.00226648 -0.00324063 
12.260995 -0.00220482 -0.00328121 
12.274767 -0.00214246 -0.00332061 
12.288538 -0.00207942 -0.00335881 
12.302309 -0.00201573 -0.00339581 
12.316080 -0.0019514 -0.00343159 
12.329851 -0.00188646 -0.00346615 
12.343622 -0.00182093 -0.00349947 
12.357393 -0.00175484 -0.00353154 
12.371164 -0.00168821 -0.00356237 
12.384935 -0.00162106 -0.00359193 
12.398706 -0.00155342 -0.00362021 
12.412477 -0.00148531 -0.00364722 
12.426248 -0.00141676 -0.00367295 
12.440019 -0.00134779 -0.00369738 
12.453790 -0.00127842 -0.00372051 
12.467561 -0.00120868 -0.00374234 
12.481332 -0.0011386 -0.00376286 
12.495103 -0.00106819 -0.00378207 
12.508875 -0.000997488 -0.00379995 
12.522646 -0.000926512 -0.00381651 
12.536417 -0.000855288 -0.00383175 
12.550188 -0.00078384 -0.00384565 
12.563959 -0.000712194 -0.00385823 
12.577730 -0.000640375 -0.00386947 
12.591501 -0.000568406 -0.00387937 
12.605272 -0.000496314 -0.00388794 
12.619043 -0.000424121 -0.00389516 
12.632814 -0.000351854 -0.00390105 
12.646585 -0.000279537 -0.0039056 
12.660356 -0.000207195 -0.00390882 
12.674127 -0.000134851 -0.00391069 
12.687898 -6.2532e-05 -0.00391123 
12.701669 9.73934e-06 -0.00391044 
12.715440 8.1938e-05 -0.00390832 
12.729211 0.00015404 -0.00390487 
12.742982 0.00022602 -0.00390009 
12.756754 0.000297855 -0.00389399 
12.770525 0.00036952 -0.00388658 
12.784296 0.000440992 -0.00387785 
12.798067 0.000512247 -0.00386781 
12.811838 0.00058326 -0.00385648 
12.825609 0.000654009 -0.00384384 
12.839380 0.00072447 -0.00382992 
12.853151 0.00079462 -0.00381471 
12.866922 0.000864435 -0.00379823 
12.880693 0.000933892 -0.00378047 
12.894464 0.00100297 -0.00376146 
12.908235 0.00107164 -0.00374119 
12.922006 0.00113989 -0.00371968 
12.935777 0.00120769 -0.00369694 
12.949548 0.00127502 -0.00367297 
12.963319 0.00134186 -0.00364778 
12.977090 0.00140819 -0.00362139 
12.990862 0.00147398 -0.00359381 
13.004633 0.00153922 -0.00356504 
13.018404 0.00160387 -0.00353509 
13.032175 0.00166794 -0.00350399 
13.045946 0.00173138 -0.00347174 
13.059717 0.00179418 -0.00343836 
13.073488 0.00185633 -0.00340385 
13.087259 0.00191779 -0.00336823 
13.101030 0.00197856 -0.00333152 
13.114801 0.00203861 -0.00329372 
13.128572 0.00209793 -0.00325486 
13.142343 0.00215649 -0.00321494 
13.156114 0.00221428 -0.00317398 
13.169885 0.00227127 -0.003132 
13.183656 0.00232746 -0.00308901 
13.197427 0.00238282 -0.00304503 
13.211198 0.00243734 -0.00300007 
13.224969 0.002491 -0.00295416 
13.238741 0.00254378 -0.00290729 
13.252512 0.00259566 -0.00285951 
13.266283 0.00264664 -0.00281081 
13.280054 0.00269669 -0.00276122 
13.293825 0.00274581 -0.00271076 
13.307596 0.00279396 -0.00265944 
13.321367 0.00284115 -0.00260728 
13.335138 0.00288736 -0.0025543 
13.348909 0.00293256 -0.00250052 
13.362680 0.00297676 -0.00244596 
13.376451 0.00301993 -0.00239064 
13.390222 0.00306207 -0.00233457 
13.403993 0.00310315 -0.00227778 
13.417764 0.00314317 -0.00222029 
13.431535 0.00318213 -0.0021621 
13.445306 0.00321999 -0.00210326 
13.459077 0.00325676 -0.00204377 
13.472849 0.00329243 -0.00198366 
13.486620 0.00332698 -0.00192294 
13.500391 0.0033604 -0.00186164 
13.514162 0.00339269 -0.00179978 
13.527933 0.00342383 -0.00173738 
13.541704 0.00345382 -0.00167446 
13.555475 0.00348265 -0.00161105 
13.569246 0.00351031 -0.00154715 
13.583017 0.0035368 -0.0014828 
13.596788 0.0035621 -0.00141802 
13.610559 0.00358621 -0.00135283 
13.624330 0.00360912 -0.00128725 
13.638101 0.00363083 -0.0012213 
13.651872 0.00365134 -0.001155 
13.665643 0.00367063 -0.00108838 
13.679414 0.0036887 -0.00102146 
13.693185 0.00370556 -0.000954263 
13.706956 0.00372118 -0.000886807 
13.720728 0.00373558 -0.000819116 
13.734499 0.00374875 -0.000751213 
13.748270 0.00376068 -0.00068312 
13.762041 0.00377137 -0.00061486 
13.775812 0.00378083 -0.000546455 
13.789583 0.00378905 -0.000477927 
13.803354 0.00379602 -0.000409299 
13.817125 0.00380176 -0.000340593 
13.830896 0.00380625 -0.000271832 
13.844667 0.0038095 -0.000203037 
13.858438 0.00381151 -0.000134232 
13.872209 0.00381228 -6.54381e-05 
13.885980 0.00381181 3.32185e-06 
13.899751 0.0038101 7.20259e-05 
13.913522 0.00380716 0.000140652 
13.927293 0.00380299 0.000209178 
13.941064 0.00379758 0.000277581 
13.954836 0.00379095 0.000345841 
13.968607 0.0037831 0.000413935 
13.982378 0.00377403 0.000481841 
13.996149 0.00376375 0.000549538 
14.009920 0.00375226 0.000617004 
14.023691 0.00373957 0.000684218 
14.037462 0.00372567 0.000751159 
14.051233 0.00371059 0.000817804 
14.065004 0.00369432 0.000884134 
14.078775 0.00367687 0.000950128 
14.092546 0.00365825 0.00101576 
14.106317 0.00363847 0.00108102 
14.120088 0.00361753 0.00114588 
14.133859 0.00359544 0.00121032 
14.147630 0.00357221 0.00127432 
14.161401 0.00354785 0.00133787 
14.175172 0.00352237 0.00140093 
14.188943 0.00349578 0.0014635 
14.202715 0.00346809 0.00152555 
14.216486 0.0034393 0.00158706 
14.230257 0.00340944 0.00164801 
14.244028 0.0033785 0.0017084 
14.257799 0.0033465 0.00176819 
14.271570 0.00331346 0.00182736 
14.285341 0.00327938 0.00188591 
14.299112 0.00324428 0.00194381 
14.312883 0.00320817 0.00200105 
14.326654 0.00317105 0.0020576 
14.340425 0.00313296 0.00211345 
14.354196 0.00309389 0.00216859 
14.367967 0.00305386 0.00222299 
14.381738 0.00301289 0.00227665 
14.395509 0.00297099 0.00232954 
14.409280 0.00292817 0.00238164 
14.423051 0.00288445 0.00243295 
14.436823 0.00283984 0.00248345 
14.450594 0.00279437 0.00253312 
14.464365 0.00274804 0.00258195 
14.478136 0.00270086 0.00262992 
